493301 1 28.800000000000001 28.100000000000001 0 168 0 1 1 1 0
493303 1 64 63 0 169 0 1 1 1 0
493305 0 67.200000000000003 68.700000000000003 0 65 1 1 1 1 0
493305 0 67.200000000000003 68.700000000000003 65 75 1 2 2 1 1
493305 0 67.200000000000003 68.700000000000003 75 168 0 1 3 2 1
493309 1 57.600000000000001 56.5 0 168 0 1 1 1 0
493310 0 57.600000000000001 56.299999999999997 0 171 0 1 1 1 0
493311 1 25.600000000000001 25.300000000000001 0 166 0 1 1 1 0
493312 0 86.400000000000006 85.400000000000006 0 168 0 1 1 1 0
493313 0 32 32.399999999999999 0 90 1 1 1 1 0
493313 0 32 32.399999999999999 90 104 1 2 2 1 1
493313 0 32 32.399999999999999 104 166 0 1 3 2 1
589301 1 86.400000000000006 86 0 169 0 1 1 1 0
589302 0 28.800000000000001 29.199999999999999 0 8 1 1 1 1 0
589302 0 28.800000000000001 29.199999999999999 8 22 1 2 2 1 1
589302 0 28.800000000000001 29.199999999999999 22 63 1 1 3 2 1
589302 0 28.800000000000001 29.199999999999999 63 88 1 2 4 2 2
589302 0 28.800000000000001 29.199999999999999 88 169 0 1 5 3 2
589303 0 112 110.7 0 60 1 1 1 1 0
589303 0 112 110.7 60 74 1 2 2 1 1
589303 0 112 110.7 74 83 1 1 3 2 1
589303 0 112 110.7 83 124 1 2 4 2 2
589303 0 112 110.7 124 169 0 1 5 3 2
589305 0 70.400000000000006 71.700000000000003 0 50 1 1 1 1 0
589305 0 70.400000000000006 71.700000000000003 50 68 1 2 2 1 1
589305 0 70.400000000000006 71.700000000000003 68 169 0 1 3 2 1
589307 1 96 94.5 0 169 0 1 1 1 0
589309 0 44.799999999999997 44.600000000000001 0 99 1 1 1 1 0
589309 0 44.799999999999997 44.600000000000001 99 114 1 2 2 1 1
589309 0 44.799999999999997 44.600000000000001 114 169 0 1 3 2 1
589310 1 70.400000000000006 70.099999999999994 0 35 1 1 1 1 0
589310 1 70.400000000000006 70.099999999999994 35 64 1 2 2 1 1
589310 1 70.400000000000006 70.099999999999994 64 71 1 1 3 2 1
589310 1 70.400000000000006 70.099999999999994 71 108 1 2 4 2 2
589310 1 70.400000000000006 70.099999999999994 108 169 0 1 5 3 2
589311 1 54.399999999999999 53.799999999999997 0 169 0 1 1 1 0
589312 0 73.599999999999994 73.200000000000003 0 8 1 1 1 1 0
589312 0 73.599999999999994 73.200000000000003 8 13 1 2 2 1 1
589312 0 73.599999999999994 73.200000000000003 13 196 0 1 3 2 1
589313 1 96 97.200000000000003 0 169 0 1 1 1 0
589314 0 105.59999999999999 107 0 169 0 1 1 1 0
589316 1 80 79.400000000000006 0 167 0 1 1 1 0
601316 0 67.200000000000003 65.700000000000003 0 20 1 1 1 1 0
601316 0 67.200000000000003 65.700000000000003 20 46 1 2 2 1 1
601316 0 67.200000000000003 65.700000000000003 46 62 1 1 3 2 1
601316 0 67.200000000000003 65.700000000000003 62 76 1 2 4 2 2
601316 0 67.200000000000003 65.700000000000003 76 169 0 1 5 3 2
601317 1 38.399999999999999 38.799999999999997 0 85 1 1 1 1 0
601317 1 38.399999999999999 38.799999999999997 85 99 1 2 2 1 1
601317 1 38.399999999999999 38.799999999999997 99 168 0 1 3 2 1
601318 1 41.600000000000001 40.299999999999997 0 48 0 1 1 1 0
601320 0 38.399999999999999 38.100000000000001 0 13 1 1 1 1 0
601320 0 38.399999999999999 38.100000000000001 13 35 1 2 2 1 1
601320 0 38.399999999999999 38.100000000000001 35 51 1 1 3 2 1
601320 0 38.399999999999999 38.100000000000001 51 77 1 2 4 2 2
601320 0 38.399999999999999 38.100000000000001 77 166 1 1 5 3 2
601320 0 38.399999999999999 38.100000000000001 166 169 1 2 6 3 3
765301 0 41.600000000000001 42.799999999999997 0 37 1 1 1 1 0
765301 0 41.600000000000001 42.799999999999997 37 50 1 2 2 1 1
765301 0 41.600000000000001 42.799999999999997 50 65 1 1 3 2 1
765301 0 41.600000000000001 42.799999999999997 65 97 1 2 4 2 2
765301 0 41.600000000000001 42.799999999999997 97 160 1 1 5 3 2
765301 0 41.600000000000001 42.799999999999997 160 166 1 2 6 3 3
765303 1 70.400000000000006 70.400000000000006 0 69 1 1 1 1 0
765303 1 70.400000000000006 70.400000000000006 69 75 1 2 2 1 1
765303 1 70.400000000000006 70.400000000000006 75 171 0 1 3 2 1
765304 0 64 63 0 103 1 1 1 1 0
765304 0 64 63 103 113 1 2 2 1 1
765305 1 105.59999999999999 104.7 0 170 0 1 1 1 0
765307 1 96 96 0 169 0 1 1 1 0
765308 1 89.599999999999994 90.599999999999994 0 170 0 1 1 1 0
765311 0 64 63.899999999999999 0 45 1 1 1 1 0
765311 0 64 63.899999999999999 45 55 1 2 2 1 1
765311 0 64 63.899999999999999 55 168 0 1 3 2 1
765312 0 89.599999999999994 88.099999999999994 0 169 0 1 1 1 0
766303 0 51.200000000000003 52.700000000000003 0 59 1 1 1 1 0
766303 0 51.200000000000003 52.700000000000003 59 63 1 2 2 1 1
766303 0 51.200000000000003 52.700000000000003 63 173 0 1 3 2 1
766304 1 70.400000000000006 71.200000000000003 0 170 0 1 1 1 0
766306 1 67.200000000000003 65.700000000000003 0 168 0 1 1 1 0
766307 0 76.799999999999997 77.5 0 167 0 1 1 1 0
766308 1 112 113 0 166 0 1 1 1 0
766309 0 35.200000000000003 35.600000000000001 0 25 1 1 1 1 0
766309 0 35.200000000000003 35.600000000000001 25 30 1 2 2 1 1
766309 0 35.200000000000003 35.600000000000001 30 149 1 1 3 2 1
766309 0 35.200000000000003 35.600000000000001 149 156 1 2 4 2 2
766309 0 35.200000000000003 35.600000000000001 156 170 0 1 5 3 2
766310 1 48 47.100000000000001 0 168 0 1 1 1 0
767301 1 28.800000000000001 28.899999999999999 0 170 0 1 1 1 0
767302 0 25.600000000000001 26.199999999999999 0 132 1 1 1 1 0
767302 0 25.600000000000001 26.199999999999999 132 154 1 2 2 1 1
767302 0 25.600000000000001 26.199999999999999 154 169 0 1 3 2 1
767303 0 73.599999999999994 72.099999999999994 0 169 0 1 1 1 0
767304 0 102.40000000000001 101.3 0 169 0 1 1 1 0
767306 0 25.600000000000001 24.600000000000001 0 141 1 1 1 1 0
767306 0 25.600000000000001 24.600000000000001 141 169 1 2 2 1 1
767308 1 105.59999999999999 104.40000000000001 0 170 0 1 1 1 0
767310 0 57.600000000000001 58.600000000000001 0 169 0 1 1 1 0
767312 1 96 95.900000000000006 0 168 0 1 1 1 0
767313 1 22.399999999999999 22.399999999999999 0 170 0 1 1 1 0
767314 0 57.600000000000001 56.100000000000001 0 169 0 1 1 1 0
767317 1 32 30.699999999999999 0 15 1 1 1 1 0
767317 1 32 30.699999999999999 15 18 1 2 2 1 1
767317 1 32 30.699999999999999 18 28 0 1 3 2 1
767318 1 73.599999999999994 72.599999999999994 0 169 0 1 1 1 0
767320 1 35.200000000000003 33.899999999999999 0 171 0 1 1 1 0
768302 1 51.200000000000003 50.100000000000001 0 50 1 1 1 1 0
768302 1 51.200000000000003 50.100000000000001 50 65 1 2 2 1 1
768302 1 51.200000000000003 50.100000000000001 65 179 0 1 3 2 1
768303 0 64 64.5 0 165 0 1 1 1 0
768305 1 60.799999999999997 60.200000000000003 0 167 0 1 1 1 0
768306 0 73.599999999999994 74.900000000000006 0 167 0 1 1 1 0
768307 0 38.399999999999999 40 0 172 0 1 1 1 0
768308 1 38.399999999999999 39.700000000000003 0 170 1 1 1 1 0
768308 1 38.399999999999999 39.700000000000003 170 172 1 2 2 1 1
768309 1 83.200000000000003 83.099999999999994 0 122 1 1 1 1 0
768309 1 83.200000000000003 83.099999999999994 122 141 1 2 2 1 1
768309 1 83.200000000000003 83.099999999999994 141 170 0 1 3 2 1
768310 0 73.599999999999994 73.099999999999994 0 164 0 1 1 1 0
768312 0 70.400000000000006 69 0 70 1 1 1 1 0
768312 0 70.400000000000006 69 70 81 1 2 2 1 1
768312 0 70.400000000000006 69 81 168 0 1 3 2 1
768314 0 83.200000000000003 83.799999999999997 0 171 0 1 1 1 0
768317 1 86.400000000000006 86.799999999999997 0 168 0 1 1 1 0
768318 1 140.80000000000001 141.5 0 169 0 1 1 1 0
768319 0 86.400000000000006 87.599999999999994 0 170 0 1 1 1 0
768320 1 80 78.599999999999994 0 169 0 1 1 1 0
768321 1 44.799999999999997 44.5 0 171 0 1 1 1 0
768324 0 83.200000000000003 82.5 0 170 0 1 1 1 0
768326 0 108.8 109.40000000000001 0 62 1 1 1 1 0
768326 0 108.8 109.40000000000001 62 66 1 2 2 1 1
768326 0 108.8 109.40000000000001 66 155 1 1 3 2 1
768326 0 108.8 109.40000000000001 155 167 1 2 4 2 2
768326 0 108.8 109.40000000000001 167 168 0 1 5 3 2
768327 1 35.200000000000003 33.899999999999999 0 169 0 1 1 1 0
769303 1 38.399999999999999 38.799999999999997 0 169 0 1 1 1 0
769304 0 28.800000000000001 29.300000000000001 0 171 0 1 1 1 0
769305 1 60.799999999999997 60.600000000000001 0 169 0 1 1 1 0
769306 0 60.799999999999997 60.399999999999999 0 29 1 1 1 1 0
769306 0 60.799999999999997 60.399999999999999 29 45 1 2 2 1 1
769306 0 60.799999999999997 60.399999999999999 45 169 0 1 3 2 1
769307 0 38.399999999999999 37.100000000000001 0 25 1 1 1 1 0
769307 0 38.399999999999999 37.100000000000001 25 44 1 2 2 1 1
769307 0 38.399999999999999 37.100000000000001 44 79 1 1 3 2 1
769307 0 38.399999999999999 37.100000000000001 79 101 1 2 4 2 2
769307 0 38.399999999999999 37.100000000000001 101 158 1 1 5 3 2
769307 0 38.399999999999999 37.100000000000001 158 169 1 2 6 3 3
769308 1 19.199999999999999 20.399999999999999 0 83 1 1 1 1 0
769308 1 19.199999999999999 20.399999999999999 83 94 1 2 2 1 1
769308 1 19.199999999999999 20.399999999999999 94 173 0 1 3 2 1
769310 1 89.599999999999994 89.400000000000006 0 168 0 1 1 1 0
769311 0 89.599999999999994 90.299999999999997 0 109 1 1 1 1 0
769311 0 89.599999999999994 90.299999999999997 109 112 1 2 2 1 1
769311 0 89.599999999999994 90.299999999999997 112 119 1 1 3 2 1
769311 0 89.599999999999994 90.299999999999997 119 122 1 2 4 2 2
769311 0 89.599999999999994 90.299999999999997 122 140 1 1 5 3 2
769311 0 89.599999999999994 90.299999999999997 140 154 1 2 6 3 3
769311 0 89.599999999999994 90.299999999999997 154 168 0 1 7 4 3
769313 0 105.59999999999999 106.40000000000001 0 168 0 1 1 1 0
769314 0 35.200000000000003 35 0 169 0 1 1 1 0
769315 1 102.40000000000001 101.40000000000001 0 168 0 1 1 1 0
787301 0 19.199999999999999 20.300000000000001 0 169 0 1 1 1 0
787302 0 38.399999999999999 37.5 0 170 0 1 1 1 0
787304 1 22.399999999999999 21.199999999999999 0 169 0 1 1 1 0
787305 1 41.600000000000001 41.600000000000001 0 31 1 1 1 1 0
787305 1 41.600000000000001 41.600000000000001 31 46 1 2 2 1 1
787305 1 41.600000000000001 41.600000000000001 46 126 1 1 3 2 1
787305 1 41.600000000000001 41.600000000000001 126 141 1 2 4 2 2
787305 1 41.600000000000001 41.600000000000001 141 169 0 1 5 3 2
787309 1 60.799999999999997 59.700000000000003 0 47 1 1 1 1 0
787309 1 60.799999999999997 59.700000000000003 47 67 1 2 2 1 1
787309 1 60.799999999999997 59.700000000000003 67 172 0 1 3 2 1
787311 1 51.200000000000003 50 0 168 0 1 1 1 0
787312 0 64 64.299999999999997 0 88 1 1 1 1 0
787312 0 64 64.299999999999997 88 107 1 2 2 1 1
787312 0 64 64.299999999999997 107 168 0 1 3 2 1
787315 1 44.799999999999997 45.799999999999997 0 30 1 1 1 1 0
787315 1 44.799999999999997 45.799999999999997 30 43 1 2 2 1 1
787315 1 44.799999999999997 45.799999999999997 43 86 1 1 3 2 1
787315 1 44.799999999999997 45.799999999999997 86 99 1 2 4 2 2
787315 1 44.799999999999997 45.799999999999997 99 168 0 1 5 3 2
787318 1 73.599999999999994 72.900000000000006 0 170 0 1 1 1 0
787320 1 54.399999999999999 54.100000000000001 0 169 0 1 1 1 0
787321 0 22.399999999999999 21.199999999999999 0 104 1 1 1 1 0
787321 0 22.399999999999999 21.199999999999999 104 118 1 2 2 1 1
787321 0 22.399999999999999 21.199999999999999 118 169 0 1 3 2 1
787322 0 35.200000000000003 36.299999999999997 0 17 1 1 1 1 0
787322 0 35.200000000000003 36.299999999999997 17 28 1 2 2 1 1
787322 0 35.200000000000003 36.299999999999997 28 64 1 1 3 2 1
787322 0 35.200000000000003 36.299999999999997 64 79 1 2 4 2 2
787322 0 35.200000000000003 36.299999999999997 79 135 1 1 5 3 2
787322 0 35.200000000000003 36.299999999999997 135 149 1 2 6 3 3
787322 0 35.200000000000003 36.299999999999997 149 168 0 1 7 4 3
787323 0 73.599999999999994 73.5 0 169 0 1 1 1 0
787324 1 64 62.600000000000001 0 89 1 1 1 1 0
787324 1 64 62.600000000000001 89 97 1 2 2 1 1
787324 1 64 62.600000000000001 97 167 0 1 3 2 1
787325 0 41.600000000000001 40.5 0 19 1 1 1 1 0
787325 0 41.600000000000001 40.5 19 33 1 2 2 1 1
787325 0 41.600000000000001 40.5 33 169 0 1 3 2 1
787326 1 73.599999999999994 72.299999999999997 0 169 0 1 1 1 0
787327 0 57.600000000000001 57.799999999999997 0 167 0 1 1 1 0
787328 1 38.399999999999999 38.899999999999999 0 128 1 1 1 1 0
787328 1 38.399999999999999 38.899999999999999 128 142 1 2 2 1 1
787328 1 38.399999999999999 38.899999999999999 142 169 0 1 3 2 1
787329 0 80 81.200000000000003 0 168 0 1 1 1 0
787330 0 96 96.5 0 99 1 1 1 1 0
787330 0 96 96.5 99 109 1 2 2 1 1
787330 0 96 96.5 109 169 0 1 3 2 1
913302 1 51.200000000000003 52.100000000000001 0 29 1 1 1 1 0
913302 1 51.200000000000003 52.100000000000001 29 40 1 2 2 1 1
913302 1 51.200000000000003 52.100000000000001 40 54 1 1 3 2 1
913302 1 51.200000000000003 52.100000000000001 54 71 1 2 4 2 2
913302 1 51.200000000000003 52.100000000000001 71 110 1 1 5 3 2
913302 1 51.200000000000003 52.100000000000001 110 139 1 2 6 3 3
913302 1 51.200000000000003 52.100000000000001 139 149 1 1 7 4 3
913302 1 51.200000000000003 52.100000000000001 149 169 1 2 8 4 4
913303 0 22.399999999999999 23 0 169 0 1 1 1 0
913304 1 76.799999999999997 76.400000000000006 0 79 1 1 1 1 0
913304 1 76.799999999999997 76.400000000000006 79 98 1 2 2 1 1
913304 1 76.799999999999997 76.400000000000006 98 169 0 1 3 2 1
913306 0 22.399999999999999 21.699999999999999 0 36 1 1 1 1 0
913306 0 22.399999999999999 21.699999999999999 36 56 1 2 2 1 1
913306 0 22.399999999999999 21.699999999999999 56 169 0 1 3 2 1
913307 0 51.200000000000003 50.200000000000003 0 57 1 1 1 1 0
913307 0 51.200000000000003 50.200000000000003 57 64 1 2 2 1 1
913307 0 51.200000000000003 50.200000000000003 64 169 0 1 3 2 1
913308 1 70.400000000000006 69.400000000000006 0 130 1 1 1 1 0
913308 1 70.400000000000006 69.400000000000006 130 144 1 2 2 1 1
913308 1 70.400000000000006 69.400000000000006 144 169 0 1 3 2 1
913309 1 70.400000000000006 68.900000000000006 0 169 0 1 1 1 0
913312 0 35.200000000000003 34.700000000000003 0 95 1 1 1 1 0
913312 0 35.200000000000003 34.700000000000003 95 122 1 2 2 1 1
913312 0 35.200000000000003 34.700000000000003 122 169 0 1 3 2 1
913315 1 64 63.399999999999999 0 88 1 1 1 1 0
913315 1 64 63.399999999999999 88 102 1 2 2 1 1
913315 1 64 63.399999999999999 102 169 0 1 3 2 1
913316 1 57.600000000000001 57.799999999999997 0 169 0 1 1 1 0
913317 0 25.600000000000001 26.699999999999999 0 74 1 1 1 1 0
913317 0 25.600000000000001 26.699999999999999 74 88 1 2 2 1 1
913317 0 25.600000000000001 26.699999999999999 88 123 1 1 3 2 1
913317 0 25.600000000000001 26.699999999999999 123 152 1 2 4 2 2
913317 0 25.600000000000001 26.699999999999999 152 169 0 1 5 3 2
913318 0 51.200000000000003 52 0 151 1 1 1 1 0
913318 0 51.200000000000003 52 151 158 1 2 2 1 1
913318 0 51.200000000000003 52 158 169 0 1 3 2 1
915302 0 105.59999999999999 105.40000000000001 0 168 0 1 1 1 0
915303 1 86.400000000000006 85.5 0 170 0 1 1 1 0
915304 1 64 64.599999999999994 0 171 0 1 1 1 0
915305 0 54.399999999999999 54.600000000000001 0 157 0 1 1 1 0
915308 1 96 96.5 0 169 0 1 1 1 0
915310 0 86.400000000000006 87.900000000000006 0 170 0 1 1 1 0
915312 0 54.399999999999999 55.600000000000001 0 169 0 1 1 1 0
915314 1 25.600000000000001 25.100000000000001 0 170 0 1 1 1 0
915315 1 89.599999999999994 90.200000000000003 0 170 0 1 1 1 0
915316 0 92.799999999999997 91.700000000000003 0 171 0 1 1 1 0
915317 0 108.8 108 0 169 0 1 1 1 0
915319 1 96 96.5 0 170 0 1 1 1 0
915321 0 105.59999999999999 105 0 173 0 1 1 1 0
915322 1 35.200000000000003 34.700000000000003 0 47 1 1 1 1 0
915322 1 35.200000000000003 34.700000000000003 47 61 1 2 2 1 1
915322 1 35.200000000000003 34.700000000000003 61 73 1 1 3 2 1
915322 1 35.200000000000003 34.700000000000003 73 85 1 2 4 2 2
915322 1 35.200000000000003 34.700000000000003 85 114 1 1 5 3 2
915322 1 35.200000000000003 34.700000000000003 114 117 1 2 6 3 3
915322 1 35.200000000000003 34.700000000000003 117 172 0 1 7 4 3
915323 0 67.200000000000003 68.299999999999997 0 69 1 1 1 1 0
915323 0 67.200000000000003 68.299999999999997 69 79 1 2 2 1 1
915323 0 67.200000000000003 68.299999999999997 79 109 1 1 3 2 1
915323 0 67.200000000000003 68.299999999999997 109 124 1 2 4 2 2
915323 0 67.200000000000003 68.299999999999997 124 173 0 1 5 3 2
918302 0 105.59999999999999 105.2 0 5 1 1 1 1 0
918302 0 105.59999999999999 105.2 5 26 1 2 2 1 1
918302 0 105.59999999999999 105.2 26 44 1 1 3 2 1
918302 0 105.59999999999999 105.2 44 58 1 2 4 2 2
918302 0 105.59999999999999 105.2 58 87 1 1 5 3 2
918302 0 105.59999999999999 105.2 87 108 1 2 6 3 3
918302 0 105.59999999999999 105.2 108 124 1 1 7 4 3
918302 0 105.59999999999999 105.2 124 143 1 2 8 4 4
918302 0 105.59999999999999 105.2 143 163 1 1 9 5 4
918302 0 105.59999999999999 105.2 163 166 1 2 10 5 5
918304 0 80 81.099999999999994 0 170 0 1 1 1 0
918305 0 54.399999999999999 54 0 169 0 1 1 1 0
918306 1 41.600000000000001 41.100000000000001 0 166 0 1 1 1 0
918307 1 92.799999999999997 92.599999999999994 0 171 0 1 1 1 0
918308 0 51.200000000000003 49.700000000000003 0 1 1 1 1 1 0
918308 0 51.200000000000003 49.700000000000003 1 30 1 2 2 1 1
918308 0 51.200000000000003 49.700000000000003 30 75 1 1 3 2 1
918308 0 51.200000000000003 49.700000000000003 75 89 1 2 4 2 2
918308 0 51.200000000000003 49.700000000000003 89 135 1 1 5 3 2
918308 0 51.200000000000003 49.700000000000003 135 150 1 2 6 3 3
918308 0 51.200000000000003 49.700000000000003 150 166 0 1 7 4 3
918309 1 108.8 109.59999999999999 0 170 0 1 1 1 0
918310 1 121.59999999999999 121.09999999999999 0 172 0 1 1 1 0
918312 0 102.40000000000001 101.59999999999999 0 169 0 1 1 1 0
918313 1 41.600000000000001 40.799999999999997 0 60 1 1 1 1 0
918313 1 41.600000000000001 40.799999999999997 60 79 1 2 2 1 1
918313 1 41.600000000000001 40.799999999999997 79 157 1 1 3 2 1
918313 1 41.600000000000001 40.799999999999997 157 171 1 2 4 2 2
918314 1 67.200000000000003 66.299999999999997 0 23 1 1 1 1 0
918314 1 67.200000000000003 66.299999999999997 23 37 1 2 2 1 1
918314 1 67.200000000000003 66.299999999999997 37 71 1 1 3 2 1
918314 1 67.200000000000003 66.299999999999997 71 85 1 2 4 2 2
918314 1 67.200000000000003 66.299999999999997 85 169 0 1 5 3 2
918318 0 41.600000000000001 40.5 0 96 1 1 1 1 0
918318 0 41.600000000000001 40.5 96 118 1 2 2 1 1
918318 0 41.600000000000001 40.5 118 166 0 1 3 2 1
919302 1 25.600000000000001 26.5 0 44 1 1 1 1 0
919302 1 25.600000000000001 26.5 44 54 1 2 2 1 1
919302 1 25.600000000000001 26.5 54 117 1 1 3 2 1
919302 1 25.600000000000001 26.5 117 131 1 2 4 2 2
919302 1 25.600000000000001 26.5 131 170 0 1 5 3 2
919304 1 64 64.799999999999997 0 170 0 1 1 1 0
919305 1 28.800000000000001 29.100000000000001 0 37 1 1 1 1 0
919305 1 28.800000000000001 29.100000000000001 37 48 1 2 2 1 1
919305 1 28.800000000000001 29.100000000000001 48 131 1 1 3 2 1
919305 1 28.800000000000001 29.100000000000001 131 152 1 2 4 2 2
919305 1 28.800000000000001 29.100000000000001 152 170 0 1 5 3 2
919306 0 51.200000000000003 50.100000000000001 0 169 0 1 1 1 0
919307 1 83.200000000000003 81.900000000000006 0 169 0 1 1 1 0
919308 0 44.799999999999997 43.399999999999999 0 169 0 1 1 1 0
919309 0 35.200000000000003 34.399999999999999 0 9 1 1 1 1 0
919309 0 35.200000000000003 34.399999999999999 9 75 1 2 2 1 1
919309 0 35.200000000000003 34.399999999999999 75 109 1 1 3 2 1
919309 0 35.200000000000003 34.399999999999999 109 130 1 2 4 2 2
919309 0 35.200000000000003 34.399999999999999 130 170 0 1 5 3 2
919310 1 54.399999999999999 53.700000000000003 0 53 1 1 1 1 0
919310 1 54.399999999999999 53.700000000000003 53 67 1 2 2 1 1
919310 1 54.399999999999999 53.700000000000003 67 170 0 1 3 2 1
919313 0 89.599999999999994 90.799999999999997 0 169 0 1 1 1 0
919314 0 57.600000000000001 56.799999999999997 0 15 1 1 1 1 0
919314 0 57.600000000000001 56.799999999999997 15 25 1 2 2 1 1
919314 0 57.600000000000001 56.799999999999997 25 113 1 1 3 2 1
919314 0 57.600000000000001 56.799999999999997 113 121 1 2 4 2 2
919314 0 57.600000000000001 56.799999999999997 121 167 0 1 5 3 2
919317 0 108.8 108 0 170 0 1 1 1 0
919318 0 102.40000000000001 103.5 0 168 0 1 1 1 0
919320 1 80 79.400000000000006 0 170 0 1 1 1 0
919324 0 41.600000000000001 43 0 90 1 1 1 1 0
919324 0 41.600000000000001 43 90 102 1 2 2 1 1
919324 0 41.600000000000001 43 102 168 0 1 3 2 1
919325 0 25.600000000000001 24.600000000000001 0 170 0 1 1 1 0
919326 1 86.400000000000006 86.400000000000006 0 170 0 1 1 1 0
919327 1 51.200000000000003 51.5 0 168 0 1 1 1 0
919329 1 67.200000000000003 66 0 167 0 1 1 1 0
919331 1 35.200000000000003 33.899999999999999 0 86 1 1 1 1 0
919331 1 35.200000000000003 33.899999999999999 86 99 1 2 2 1 1
919331 1 35.200000000000003 33.899999999999999 99 156 1 1 3 2 1
919331 1 35.200000000000003 33.899999999999999 156 168 1 2 4 2 2
919331 1 35.200000000000003 33.899999999999999 168 170 0 1 5 3 2
919333 0 38.399999999999999 39.700000000000003 0 155 0 1 1 1 0
951301 1 41.600000000000001 42.5 0 174 0 1 1 1 0
951303 1 64 63.200000000000003 0 169 0 1 1 1 0
951305 0 92.799999999999997 91.799999999999997 0 173 0 1 1 1 0
951307 0 64 65.5 0 46 1 1 1 1 0
951307 0 64 65.5 46 60 1 2 2 1 1
951307 0 64 65.5 60 169 0 1 3 2 1
951308 0 73.599999999999994 73.400000000000006 0 92 1 1 1 1 0
951308 0 73.599999999999994 73.400000000000006 92 107 1 2 2 1 1
951308 0 73.599999999999994 73.400000000000006 107 170 0 1 3 2 1
951309 1 51.200000000000003 51.100000000000001 0 169 0 1 1 1 0
951310 1 76.799999999999997 77.5 0 53 1 1 1 1 0
951310 1 76.799999999999997 77.5 53 62 1 2 2 1 1
951310 1 76.799999999999997 77.5 62 134 1 1 3 2 1
951310 1 76.799999999999997 77.5 134 148 1 2 4 2 2
951310 1 76.799999999999997 77.5 148 169 0 1 5 3 2
951312 0 44.799999999999997 43.700000000000003 0 32 1 1 1 1 0
951312 0 44.799999999999997 43.700000000000003 32 53 1 2 2 1 1
951312 0 44.799999999999997 43.700000000000003 53 147 1 1 3 2 1
951312 0 44.799999999999997 43.700000000000003 147 161 1 2 4 2 2
951312 0 44.799999999999997 43.700000000000003 161 169 0 1 5 3 2
951314 1 54.399999999999999 53.299999999999997 0 169 0 1 1 1 0
951315 0 73.599999999999994 72 0 147 1 1 1 1 0
951315 0 73.599999999999994 72 147 158 1 2 2 1 1
951315 0 73.599999999999994 72 158 169 0 1 3 2 1
951317 0 76.799999999999997 78.299999999999997 0 60 1 1 1 1 0
951317 0 76.799999999999997 78.299999999999997 60 70 1 2 2 1 1
951317 0 76.799999999999997 78.299999999999997 70 77 1 1 3 2 1
951317 0 76.799999999999997 78.299999999999997 77 89 1 2 4 2 2
951317 0 76.799999999999997 78.299999999999997 89 169 0 1 5 3 2
951318 1 70.400000000000006 70.5 0 58 0 1 1 1 0
951319 1 57.600000000000001 57.5 0 7 1 2 1 0 1
951319 1 57.600000000000001 57.5 7 169 0 1 2 1 1
952303 1 25.600000000000001 25.600000000000001 0 56 1 1 1 1 0
952303 1 25.600000000000001 25.600000000000001 56 72 1 2 2 1 1
952303 1 25.600000000000001 25.600000000000001 72 139 1 1 3 2 1
952303 1 25.600000000000001 25.600000000000001 139 160 1 2 4 2 2
952303 1 25.600000000000001 25.600000000000001 160 169 0 1 5 3 2
952305 0 44.799999999999997 45.5 0 169 0 1 1 1 0
952306 0 70.400000000000006 70.099999999999994 0 168 0 1 1 1 0
952307 1 105.59999999999999 104.40000000000001 0 169 0 1 1 1 0
952308 1 60.799999999999997 59.899999999999999 0 169 0 1 1 1 0
952309 0 51.200000000000003 52.399999999999999 0 16 1 1 1 1 0
952309 0 51.200000000000003 52.399999999999999 16 30 1 2 2 1 1
952309 0 51.200000000000003 52.399999999999999 30 169 0 1 3 2 1
952310 1 25.600000000000001 26.899999999999999 0 15 1 1 1 1 0
952310 1 25.600000000000001 26.899999999999999 15 30 1 2 2 1 1
952310 1 25.600000000000001 26.899999999999999 30 52 1 1 3 2 1
952310 1 25.600000000000001 26.899999999999999 52 85 1 2 4 2 2
952310 1 25.600000000000001 26.899999999999999 85 169 0 1 5 3 2
952311 0 86.400000000000006 87.900000000000006 0 170 0 1 1 1 0
952313 0 25.600000000000001 26.800000000000001 0 79 1 1 1 1 0
952313 0 25.600000000000001 26.800000000000001 79 131 1 2 2 1 1
952315 1 67.200000000000003 68.799999999999997 0 169 0 1 1 1 0
952316 1 67.200000000000003 67 0 169 0 1 1 1 0
952317 0 86.400000000000006 84.799999999999997 0 169 0 1 1 1 0
953301 1 44.799999999999997 44.200000000000003 0 118 1 1 1 1 0
953301 1 44.799999999999997 44.200000000000003 118 129 1 2 2 1 1
953301 1 44.799999999999997 44.200000000000003 129 141 1 1 3 2 1
953301 1 44.799999999999997 44.200000000000003 141 155 1 2 4 2 2
953301 1 44.799999999999997 44.200000000000003 155 167 0 1 5 3 2
953302 0 38.399999999999999 38.5 0 140 1 1 1 1 0
953302 0 38.399999999999999 38.5 140 154 1 2 2 1 1
953302 0 38.399999999999999 38.5 154 167 0 1 3 2 1
953305 0 92.799999999999997 92.900000000000006 0 166 0 1 1 1 0
953306 1 67.200000000000003 67 0 167 0 1 1 1 0
953308 1 51.200000000000003 51.700000000000003 0 166 0 1 1 1 0
953309 0 99.200000000000003 99.400000000000006 0 165 0 1 1 1 0
953310 1 128 128.5 0 164 0 1 1 1 0
953312 0 108.8 109.3 0 168 0 1 1 1 0
953314 0 57.600000000000001 57.299999999999997 0 167 0 1 1 1 0
953315 0 41.600000000000001 42 0 116 1 1 1 1 0
953315 0 41.600000000000001 42 116 131 1 2 2 1 1
953315 0 41.600000000000001 42 131 168 0 1 3 2 1
953316 1 86.400000000000006 86.200000000000003 0 166 0 1 1 1 0
953317 1 102.40000000000001 102 0 166 0 1 1 1 0
953318 0 80 80.200000000000003 0 170 0 1 1 1 0
953320 1 44.799999999999997 45.5 0 38 1 1 1 1 0
953320 1 44.799999999999997 45.5 38 53 1 2 2 1 1
953320 1 44.799999999999997 45.5 53 135 1 1 3 2 1
953320 1 44.799999999999997 45.5 135 154 1 2 4 2 2
953320 1 44.799999999999997 45.5 154 164 0 1 5 3 2
953322 0 105.59999999999999 106.3 0 164 0 1 1 1 0
954301 1 70.400000000000006 71.5 0 90 1 1 1 1 0
954301 1 70.400000000000006 71.5 90 94 1 2 2 1 1
954301 1 70.400000000000006 71.5 94 135 1 1 3 2 1
954301 1 70.400000000000006 71.5 135 148 1 2 4 2 2
954301 1 70.400000000000006 71.5 148 169 0 1 5 3 2
954302 0 41.600000000000001 42.299999999999997 0 146 1 1 1 1 0
954302 0 41.600000000000001 42.299999999999997 146 160 1 2 2 1 1
954302 0 41.600000000000001 42.299999999999997 160 169 0 1 3 2 1
954304 1 92.799999999999997 91.400000000000006 0 18 1 1 1 1 0
954304 1 92.799999999999997 91.400000000000006 18 34 1 2 2 1 1
954304 1 92.799999999999997 91.400000000000006 34 50 1 1 3 2 1
954304 1 92.799999999999997 91.400000000000006 50 69 1 2 4 2 2
954304 1 92.799999999999997 91.400000000000006 69 83 1 1 5 3 2
954304 1 92.799999999999997 91.400000000000006 83 118 1 2 6 3 3
954304 1 92.799999999999997 91.400000000000006 118 149 1 1 7 4 3
954304 1 92.799999999999997 91.400000000000006 149 164 1 2 8 4 4
954304 1 92.799999999999997 91.400000000000006 164 168 0 1 9 5 4
954306 0 70.400000000000006 72 0 169 0 1 1 1 0
954307 0 83.200000000000003 82 0 169 0 1 1 1 0
954309 1 60.799999999999997 61.700000000000003 0 169 0 1 1 1 0
954310 1 48 49.100000000000001 0 170 0 1 1 1 0
954311 0 35.200000000000003 36.100000000000001 0 104 1 1 1 1 0
954311 0 35.200000000000003 36.100000000000001 104 122 1 2 2 1 1
954311 0 35.200000000000003 36.100000000000001 122 168 0 1 3 2 1
954314 1 105.59999999999999 106 0 169 0 1 1 1 0
954316 1 41.600000000000001 41.299999999999997 0 112 1 1 1 1 0
954316 1 41.600000000000001 41.299999999999997 112 126 1 2 2 1 1
954316 1 41.600000000000001 41.299999999999997 126 169 0 1 3 2 1
954317 0 51.200000000000003 51.5 0 169 0 1 1 1 0
954318 0 28.800000000000001 27.300000000000001 0 41 1 1 1 1 0
955302 1 73.599999999999994 72.400000000000006 0 169 0 1 1 1 0
955304 1 54.399999999999999 55.200000000000003 0 169 0 1 1 1 0
955305 0 51.200000000000003 51.899999999999999 0 171 0 1 1 1 0
955307 0 57.600000000000001 56.200000000000003 0 169 0 1 1 1 0
955308 0 51.200000000000003 50.200000000000003 0 169 0 1 1 1 0
955309 0 22.399999999999999 21.399999999999999 0 169 0 1 1 1 0
955311 0 60.799999999999997 60.299999999999997 0 169 0 1 1 1 0
955313 1 92.799999999999997 94.200000000000003 0 167 0 1 1 1 0
955314 1 83.200000000000003 82.900000000000006 0 169 0 1 1 1 0
955316 1 115.2 114 0 169 0 1 1 1 0
955317 0 25.600000000000001 26.899999999999999 0 169 0 1 1 1 0
955318 1 48 46.5 0 169 0 1 1 1 0
955319 1 80 79.700000000000003 0 114 1 1 1 1 0
955319 1 80 79.700000000000003 114 129 1 2 2 1 1
955319 1 80 79.700000000000003 129 169 0 1 3 2 1
955321 0 60.799999999999997 61.600000000000001 0 170 0 1 1 1 0
955322 0 28.800000000000001 28.699999999999999 0 169 0 1 1 1 0
955323 1 25.600000000000001 26.100000000000001 0 169 0 1 1 1 0
956301 1 51.200000000000003 51 0 169 0 1 1 1 0
956302 1 64 64.900000000000006 0 169 0 1 1 1 0
956305 1 51.200000000000003 52.5 0 168 0 1 1 1 0
956306 0 73.599999999999994 72.599999999999994 0 114 1 1 1 1 0
956306 0 73.599999999999994 72.599999999999994 114 121 1 2 2 1 1
956306 0 73.599999999999994 72.599999999999994 121 171 0 1 3 2 1
956307 0 80 81.200000000000003 0 169 0 1 1 1 0
956308 0 134.40000000000001 133.19999999999999 0 168 0 1 1 1 0
956309 1 83.200000000000003 83.799999999999997 0 169 0 1 1 1 0
956310 0 28.800000000000001 28.199999999999999 0 28 1 1 1 1 0
956310 0 28.800000000000001 28.199999999999999 28 41 1 2 2 1 1
956310 0 28.800000000000001 28.199999999999999 41 169 0 1 3 2 1
956313 1 89.599999999999994 88.099999999999994 0 169 0 1 1 1 0
956315 0 32 33.200000000000003 0 106 1 1 1 1 0
956315 0 32 33.200000000000003 106 118 1 2 2 1 1
956315 0 32 33.200000000000003 118 167 0 1 3 2 1
956316 0 51.200000000000003 52.100000000000001 0 169 0 1 1 1 0
956318 1 102.40000000000001 101.5 0 38 1 1 1 1 0
956318 1 102.40000000000001 101.5 38 47 1 2 2 1 1
956318 1 102.40000000000001 101.5 47 167 0 1 3 2 1
957002 0 99.200000000000003 99.400000000000006 0 167 0 1 1 1 0
957003 1 48 47.100000000000001 0 167 0 1 1 1 0
957004 1 57.600000000000001 58.899999999999999 0 48 1 1 1 1 0
957004 1 57.600000000000001 58.899999999999999 48 67 1 2 2 1 1
957004 1 57.600000000000001 58.899999999999999 67 124 1 1 3 2 1
957004 1 57.600000000000001 58.899999999999999 124 134 1 2 4 2 2
957004 1 57.600000000000001 58.899999999999999 134 168 0 1 5 3 2
957006 0 54.399999999999999 54.200000000000003 0 103 1 1 1 1 0
957006 0 54.399999999999999 54.200000000000003 103 120 1 2 2 1 1
957006 0 54.399999999999999 54.200000000000003 120 165 0 1 3 2 1
957009 0 73.599999999999994 73.599999999999994 0 171 0 1 1 1 0
957010 1 54.399999999999999 54.299999999999997 0 81 1 1 1 1 0
957010 1 54.399999999999999 54.299999999999997 81 95 1 2 2 1 1
957010 1 54.399999999999999 54.299999999999997 95 168 0 1 3 2 1
957011 1 64 64.200000000000003 0 96 1 1 1 1 0
957011 1 64 64.200000000000003 96 120 1 2 2 1 1
957011 1 64 64.200000000000003 120 165 0 1 3 2 1
957012 0 32 32.399999999999999 0 36 1 1 1 1 0
957012 0 32 32.399999999999999 36 70 1 2 2 1 1
957012 0 32 32.399999999999999 70 95 1 1 3 2 1
957012 0 32 32.399999999999999 95 137 1 2 4 2 2
957012 0 32 32.399999999999999 137 169 0 1 5 3 2
957013 1 70.400000000000006 70.5 0 49 1 1 1 1 0
957013 1 70.400000000000006 70.5 49 65 1 2 2 1 1
957013 1 70.400000000000006 70.5 65 88 1 1 3 2 1
957013 1 70.400000000000006 70.5 88 112 1 2 4 2 2
957013 1 70.400000000000006 70.5 112 172 0 1 5 3 2
957301 1 60.799999999999997 60.899999999999999 0 168 0 1 1 1 0
957303 0 83.200000000000003 82.200000000000003 0 165 0 1 1 1 0
957304 0 25.600000000000001 27 0 166 0 1 1 1 0
957305 1 99.200000000000003 98.099999999999994 0 170 0 1 1 1 0
957306 0 64 63.299999999999997 0 62 1 1 1 1 0
957306 0 64 63.299999999999997 62 76 1 2 2 1 1
957306 0 64 63.299999999999997 76 169 0 1 3 2 1
957307 0 51.200000000000003 52.600000000000001 0 50 1 1 1 1 0
957307 0 51.200000000000003 52.600000000000001 50 62 1 2 2 1 1
957307 0 51.200000000000003 52.600000000000001 62 168 0 1 3 2 1
957311 1 73.599999999999994 75 0 37 1 1 1 1 0
957311 1 73.599999999999994 75 37 46 1 2 2 1 1
957311 1 73.599999999999994 75 46 172 0 1 3 2 1
957312 1 92.799999999999997 92.5 0 170 0 1 1 1 0
957313 0 128 126.7 0 167 0 1 1 1 0
957314 1 64 63.799999999999997 0 167 0 1 1 1 0
957316 0 54.399999999999999 55.100000000000001 0 175 0 1 1 1 0
957318 0 70.400000000000006 71.900000000000006 0 42 1 1 1 1 0
957318 0 70.400000000000006 71.900000000000006 42 49 1 2 2 1 1
957318 0 70.400000000000006 71.900000000000006 49 170 0 1 3 2 1
957320 1 96 95.900000000000006 0 169 0 1 1 1 0
957321 0 76.799999999999997 76.5 0 129 1 1 1 1 0
957321 0 76.799999999999997 76.5 129 132 1 2 2 1 1
957321 0 76.799999999999997 76.5 132 166 0 1 3 2 1
957323 1 83.200000000000003 82.099999999999994 0 169 0 1 1 1 0
958301 1 57.600000000000001 57.799999999999997 0 165 0 1 1 1 0
958303 1 96 95.200000000000003 0 168 0 1 1 1 0
958304 0 60.799999999999997 62.200000000000003 0 125 1 1 1 1 0
958304 0 60.799999999999997 62.200000000000003 125 138 1 2 2 1 1
958304 0 60.799999999999997 62.200000000000003 138 166 0 1 3 2 1
958306 0 41.600000000000001 40 0 166 0 1 1 1 0
958307 1 86.400000000000006 86.099999999999994 0 165 0 1 1 1 0
958308 1 73.599999999999994 74.400000000000006 0 48 1 1 1 1 0
958308 1 73.599999999999994 74.400000000000006 48 69 1 2 2 1 1
958308 1 73.599999999999994 74.400000000000006 69 128 1 1 3 2 1
958308 1 73.599999999999994 74.400000000000006 128 141 1 2 4 2 2
958308 1 73.599999999999994 74.400000000000006 141 165 0 1 5 3 2
958309 0 70.400000000000006 69.299999999999997 0 166 0 1 1 1 0
958311 0 25.600000000000001 24.5 0 53 1 1 1 1 0
958311 0 25.600000000000001 24.5 53 69 1 2 2 1 1
958311 0 25.600000000000001 24.5 69 166 0 1 3 2 1
958313 1 16 17.399999999999999 0 106 1 1 1 1 0
958313 1 16 17.399999999999999 106 124 1 2 2 1 1
958313 1 16 17.399999999999999 124 168 0 1 3 2 1
971301 0 86.400000000000006 87.400000000000006 0 105 0 1 1 1 0
971302 1 25.600000000000001 26.800000000000001 0 165 0 1 1 1 0
971303 1 89.599999999999994 88.599999999999994 0 169 0 1 1 1 0
971307 1 48 49.100000000000001 0 169 0 1 1 1 0
971308 1 25.600000000000001 25.600000000000001 0 170 0 1 1 1 0
971309 0 76.799999999999997 77.900000000000006 0 96 1 1 1 1 0
971309 0 76.799999999999997 77.900000000000006 96 120 1 2 2 1 1
971309 0 76.799999999999997 77.900000000000006 120 173 0 1 3 2 1
971311 1 96 96.099999999999994 0 120 1 1 1 1 0
971311 1 96 96.099999999999994 120 134 1 2 2 1 1
971311 1 96 96.099999999999994 134 175 0 1 3 2 1
971312 0 99.200000000000003 100.40000000000001 0 171 0 1 1 1 0
971314 0 60.799999999999997 59.299999999999997 0 173 0 1 1 1 0
971315 0 54.399999999999999 53.799999999999997 0 43 1 1 1 1 0
971315 0 54.399999999999999 53.799999999999997 43 56 1 2 2 1 1
971315 0 54.399999999999999 53.799999999999997 56 170 0 1 3 2 1
972302 0 67.200000000000003 67.5 0 16 1 1 1 1 0
972302 0 67.200000000000003 67.5 16 26 1 2 2 1 1
972302 0 67.200000000000003 67.5 26 171 0 1 3 2 1
972303 0 67.200000000000003 67.700000000000003 0 171 0 1 1 1 0
972304 1 32 31.600000000000001 0 80 1 1 1 1 0
972304 1 32 31.600000000000001 80 97 1 2 2 1 1
972304 1 32 31.600000000000001 97 169 0 1 3 2 1
972305 1 51.200000000000003 52.600000000000001 0 42 1 1 1 1 0
972305 1 51.200000000000003 52.600000000000001 42 54 1 2 2 1 1
972305 1 51.200000000000003 52.600000000000001 54 127 1 1 3 2 1
972305 1 51.200000000000003 52.600000000000001 127 141 1 2 4 2 2
972305 1 51.200000000000003 52.600000000000001 141 169 0 1 5 3 2
972307 1 54.399999999999999 53.799999999999997 0 73 1 1 1 1 0
972307 1 54.399999999999999 53.799999999999997 73 83 1 2 2 1 1
972307 1 54.399999999999999 53.799999999999997 83 169 0 1 3 2 1
972308 0 44.799999999999997 44.899999999999999 0 36 1 1 1 1 0
972308 0 44.799999999999997 44.899999999999999 36 52 1 2 2 1 1
972308 0 44.799999999999997 44.899999999999999 52 70 1 1 3 2 1
972308 0 44.799999999999997 44.899999999999999 70 168 1 2 4 2 2
972310 1 89.599999999999994 89.099999999999994 0 19 1 1 1 1 0
972310 1 89.599999999999994 89.099999999999994 19 24 1 2 2 1 1
972310 1 89.599999999999994 89.099999999999994 24 126 1 1 3 2 1
972310 1 89.599999999999994 89.099999999999994 126 137 1 2 4 2 2
972310 1 89.599999999999994 89.099999999999994 137 164 1 1 5 3 2
972310 1 89.599999999999994 89.099999999999994 164 171 1 2 6 3 3
972311 0 60.799999999999997 59.399999999999999 0 66 1 1 1 1 0
972311 0 60.799999999999997 59.399999999999999 66 80 1 2 2 1 1
972311 0 60.799999999999997 59.399999999999999 80 170 0 1 3 2 1
973301 0 60.799999999999997 61 0 74 1 1 1 1 0
973301 0 60.799999999999997 61 74 82 1 2 2 1 1
973301 0 60.799999999999997 61 82 169 0 1 3 2 1
973302 1 92.799999999999997 92.599999999999994 0 165 0 1 1 1 0
973303 1 89.599999999999994 89.099999999999994 0 168 0 1 1 1 0
973305 0 44.799999999999997 43.700000000000003 0 5 1 1 1 1 0
973305 0 44.799999999999997 43.700000000000003 5 18 1 2 2 1 1
973305 0 44.799999999999997 43.700000000000003 18 39 1 1 3 2 1
973305 0 44.799999999999997 43.700000000000003 39 55 1 2 4 2 2
973305 0 44.799999999999997 43.700000000000003 55 71 1 1 5 3 2
973305 0 44.799999999999997 43.700000000000003 71 85 1 2 6 3 3
973305 0 44.799999999999997 43.700000000000003 85 99 1 1 7 4 3
973305 0 44.799999999999997 43.700000000000003 99 109 1 2 8 4 4
973306 1 96 96.400000000000006 0 162 0 1 1 1 0
973307 0 83.200000000000003 84 0 165 0 1 1 1 0
973309 0 54.399999999999999 54.299999999999997 0 49 1 1 1 1 0
973309 0 54.399999999999999 54.299999999999997 49 59 1 2 2 1 1
973309 0 54.399999999999999 54.299999999999997 59 169 0 1 3 2 1
973311 0 25.600000000000001 24.899999999999999 0 168 0 1 1 1 0
973313 1 22.399999999999999 23 0 13 1 1 1 1 0
973313 1 22.399999999999999 23 13 25 1 2 2 1 1
973313 1 22.399999999999999 23 25 119 1 1 3 2 1
973313 1 22.399999999999999 23 119 131 1 2 4 2 2
973313 1 22.399999999999999 23 131 156 1 1 5 3 2
973313 1 22.399999999999999 23 156 168 1 2 6 3 3
973313 1 22.399999999999999 23 168 169 0 1 7 4 3
973315 1 28.800000000000001 27.399999999999999 0 168 0 1 1 1 0
973317 0 86.400000000000006 85.099999999999994 0 43 1 1 1 1 0
973317 0 86.400000000000006 85.099999999999994 43 53 1 2 2 1 1
973317 0 86.400000000000006 85.099999999999994 53 81 1 1 3 2 1
973317 0 86.400000000000006 85.099999999999994 81 96 1 2 4 2 2
973317 0 86.400000000000006 85.099999999999994 96 159 1 1 5 3 2
973317 0 86.400000000000006 85.099999999999994 159 163 1 2 6 3 3
973319 1 92.799999999999997 92.5 0 76 1 1 1 1 0
973319 1 92.799999999999997 92.5 76 86 1 2 2 1 1
973319 1 92.799999999999997 92.5 86 168 0 1 3 2 1
974301 0 35.200000000000003 35.700000000000003 0 23 1 1 1 1 0
974301 0 35.200000000000003 35.700000000000003 23 48 1 2 2 1 1
974301 0 35.200000000000003 35.700000000000003 48 77 1 1 3 2 1
974301 0 35.200000000000003 35.700000000000003 77 92 1 2 4 2 2
974301 0 35.200000000000003 35.700000000000003 92 134 1 1 5 3 2
974301 0 35.200000000000003 35.700000000000003 134 148 1 2 6 3 3
974301 0 35.200000000000003 35.700000000000003 148 169 0 1 7 4 3
974302 1 102.40000000000001 103.3 0 166 0 1 1 1 0
974304 0 67.200000000000003 66.200000000000003 0 169 0 1 1 1 0
974305 1 38.399999999999999 39.899999999999999 0 40 1 1 1 1 0
974305 1 38.399999999999999 39.899999999999999 40 56 1 2 2 1 1
974305 1 38.399999999999999 39.899999999999999 56 85 1 1 3 2 1
974305 1 38.399999999999999 39.899999999999999 85 106 1 2 4 2 2
974305 1 38.399999999999999 39.899999999999999 106 147 1 1 5 3 2
974305 1 38.399999999999999 39.899999999999999 147 167 1 2 6 3 3
974307 0 80 78.599999999999994 0 96 1 1 1 1 0
974307 0 80 78.599999999999994 96 129 1 2 2 1 1
974307 0 80 78.599999999999994 129 146 1 1 3 2 1
974307 0 80 78.599999999999994 146 165 1 2 4 2 2
974307 0 80 78.599999999999994 165 169 0 1 5 3 2
974309 0 64 65 0 170 0 1 1 1 0
974310 1 57.600000000000001 58.799999999999997 0 167 0 1 1 1 0
974312 1 38.399999999999999 38.299999999999997 0 169 0 1 1 1 0
974313 0 83.200000000000003 84.299999999999997 0 64 1 1 1 1 0
974313 0 83.200000000000003 84.299999999999997 64 75 1 2 2 1 1
974313 0 83.200000000000003 84.299999999999997 75 168 0 1 3 2 1
974314 0 99.200000000000003 99.400000000000006 0 169 0 1 1 1 0
974315 1 22.399999999999999 22.199999999999999 0 82 1 1 1 1 0
974315 1 22.399999999999999 22.199999999999999 82 93 1 2 2 1 1
974315 1 22.399999999999999 22.199999999999999 93 166 0 1 3 2 1
974316 1 44.799999999999997 45.399999999999999 0 137 1 1 1 1 0
974316 1 44.799999999999997 45.399999999999999 137 151 1 2 2 1 1
974316 1 44.799999999999997 45.399999999999999 151 169 0 1 3 2 1
975301 1 25.600000000000001 24.800000000000001 0 146 1 1 1 1 0
975301 1 25.600000000000001 24.800000000000001 146 158 1 2 2 1 1
975301 1 25.600000000000001 24.800000000000001 158 170 0 1 3 2 1
975303 0 41.600000000000001 42.899999999999999 0 154 1 1 1 1 0
975303 0 41.600000000000001 42.899999999999999 154 169 1 2 2 1 1
975305 0 80 80.299999999999997 0 166 0 1 1 1 0
975307 1 41.600000000000001 40.100000000000001 0 131 1 1 1 1 0
975307 1 41.600000000000001 40.100000000000001 131 148 1 2 2 1 1
975307 1 41.600000000000001 40.100000000000001 148 170 0 1 3 2 1
975308 1 64 63.399999999999999 0 169 0 1 1 1 0
975309 0 54.399999999999999 54.5 0 167 0 1 1 1 0
975310 0 67.200000000000003 68.5 0 103 1 1 1 1 0
975310 0 67.200000000000003 68.5 103 117 1 2 2 1 1
975310 0 67.200000000000003 68.5 117 167 0 1 3 2 1
975311 1 96 95.799999999999997 0 168 0 1 1 1 0
975314 0 112 112.3 0 174 0 1 1 1 0
975315 1 60.799999999999997 62.299999999999997 0 174 0 1 1 1 0
976301 1 112 110.40000000000001 0 166 1 1 1 1 0
976301 1 112 110.40000000000001 166 168 1 2 2 1 1
976302 0 38.399999999999999 39 0 138 1 1 1 1 0
976302 0 38.399999999999999 39 138 150 1 2 2 1 1
976302 0 38.399999999999999 39 150 169 0 1 3 2 1
976304 0 28.800000000000001 27.399999999999999 0 15 1 1 1 1 0
976304 0 28.800000000000001 27.399999999999999 15 30 1 2 2 1 1
976304 0 28.800000000000001 27.399999999999999 30 97 1 1 3 2 1
976304 0 28.800000000000001 27.399999999999999 97 111 1 2 4 2 2
976304 0 28.800000000000001 27.399999999999999 111 167 0 1 5 3 2
976305 1 32 31.5 0 119 1 1 1 1 0
976305 1 32 31.5 119 133 1 2 2 1 1
976305 1 32 31.5 133 167 0 1 3 2 1
976307 0 38.399999999999999 37.899999999999999 0 98 1 1 1 1 0
976307 0 38.399999999999999 37.899999999999999 98 108 1 2 2 1 1
976307 0 38.399999999999999 37.899999999999999 108 166 0 1 3 2 1
976310 1 70.400000000000006 70.799999999999997 0 170 0 1 1 1 0
976311 0 41.600000000000001 40.399999999999999 0 84 1 1 1 1 0
976311 0 41.600000000000001 40.399999999999999 84 98 1 2 2 1 1
976311 0 41.600000000000001 40.399999999999999 98 169 0 1 3 2 1
976312 1 118.40000000000001 119.3 0 167 0 1 1 1 0
976313 0 73.599999999999994 73.599999999999994 0 167 0 1 1 1 0
976314 0 54.399999999999999 55.399999999999999 0 97 1 1 1 1 0
976314 0 54.399999999999999 55.399999999999999 97 111 1 2 2 1 1
976314 0 54.399999999999999 55.399999999999999 111 156 1 1 3 2 1
976314 0 54.399999999999999 55.399999999999999 156 167 1 2 4 2 2
977303 1 28.800000000000001 27.899999999999999 0 6 1 1 1 1 0
977303 1 28.800000000000001 27.899999999999999 6 35 1 2 2 1 1
977303 1 28.800000000000001 27.899999999999999 35 137 1 1 3 2 1
977303 1 28.800000000000001 27.899999999999999 137 157 1 2 4 2 2
977303 1 28.800000000000001 27.899999999999999 157 169 0 1 5 3 2
977304 1 38.399999999999999 39.399999999999999 0 169 0 1 1 1 0
977305 0 44.799999999999997 43.799999999999997 0 169 0 1 1 1 0
977306 0 86.400000000000006 86.900000000000006 0 170 0 1 1 1 0
977307 0 54.399999999999999 52.899999999999999 0 169 0 1 1 1 0
977309 0 25.600000000000001 26.300000000000001 0 167 0 1 1 1 0
977310 1 32 31 0 171 0 1 1 1 0
977311 0 83.200000000000003 81.599999999999994 0 168 0 1 1 1 0
977312 1 48 48.200000000000003 0 168 0 1 1 1 0
977314 0 19.199999999999999 20.300000000000001 0 50 1 1 1 1 0
977314 0 19.199999999999999 20.300000000000001 50 71 1 2 2 1 1
977314 0 19.199999999999999 20.300000000000001 71 168 0 1 3 2 1
979301 0 80 79.900000000000006 0 149 1 1 1 1 0
979301 0 80 79.900000000000006 149 164 1 2 2 1 1
979301 0 80 79.900000000000006 164 172 0 1 3 2 1
979304 1 41.600000000000001 40.100000000000001 0 155 1 1 1 1 0
979304 1 41.600000000000001 40.100000000000001 155 169 1 2 2 1 1
979305 1 67.200000000000003 66.900000000000006 0 119 1 1 1 1 0
979305 1 67.200000000000003 66.900000000000006 119 127 1 2 2 1 1
979305 1 67.200000000000003 66.900000000000006 127 169 0 1 3 2 1
979306 0 54.399999999999999 55 0 17 0 1 1 1 0
979307 0 35.200000000000003 35.299999999999997 0 168 0 1 1 1 0
979308 1 28.800000000000001 28.100000000000001 0 169 0 1 1 1 0
979310 1 32 30.699999999999999 0 168 0 1 1 1 0
979313 0 25.600000000000001 26.399999999999999 0 155 1 1 1 1 0
979313 0 25.600000000000001 26.399999999999999 155 165 1 2 2 1 1
979314 0 25.600000000000001 25.300000000000001 0 89 1 1 1 1 0
979314 0 25.600000000000001 25.300000000000001 89 103 1 2 2 1 1
979314 0 25.600000000000001 25.300000000000001 103 169 0 1 3 2 1
979316 1 51.200000000000003 50.200000000000003 0 170 0 1 1 1 0
979318 1 35.200000000000003 34.399999999999999 0 154 1 1 1 1 0
979318 1 35.200000000000003 34.399999999999999 154 161 1 2 2 1 1
979318 1 35.200000000000003 34.399999999999999 161 169 0 1 3 2 1
979319 1 41.600000000000001 41 0 170 0 1 1 1 0
979320 0 83.200000000000003 82.200000000000003 0 168 0 1 1 1 0
979321 0 28.800000000000001 29.300000000000001 0 41 1 1 1 1 0
979321 0 28.800000000000001 29.300000000000001 41 60 1 2 2 1 1
979321 0 28.800000000000001 29.300000000000001 60 167 0 1 3 2 1
979324 1 102.40000000000001 104 0 116 1 1 1 1 0
979324 1 102.40000000000001 104 116 124 1 2 2 1 1
979324 1 102.40000000000001 104 124 168 0 1 3 2 1
979325 1 121.59999999999999 121.3 0 168 0 1 1 1 0
980306 1 35.200000000000003 34.5 0 14 1 1 1 1 0
980306 1 35.200000000000003 34.5 14 20 1 2 2 1 1
980306 1 35.200000000000003 34.5 20 70 1 1 3 2 1
980306 1 35.200000000000003 34.5 70 88 1 2 4 2 2
980306 1 35.200000000000003 34.5 88 98 1 1 5 3 2
980306 1 35.200000000000003 34.5 98 108 1 2 6 3 3
980306 1 35.200000000000003 34.5 108 133 1 1 7 4 3
980306 1 35.200000000000003 34.5 133 146 1 2 8 4 4
980306 1 35.200000000000003 34.5 146 167 0 1 9 5 4
980307 0 99.200000000000003 99 0 168 0 1 1 1 0
980308 1 96 94.400000000000006 0 166 0 1 1 1 0
980311 0 92.799999999999997 94 0 125 1 1 1 1 0
980311 0 92.799999999999997 94 125 135 1 2 2 1 1
980311 0 92.799999999999997 94 135 153 1 1 3 2 1
980311 0 92.799999999999997 94 153 167 1 2 4 2 2
980311 0 92.799999999999997 94 167 168 0 1 5 3 2
980313 0 38.399999999999999 39.399999999999999 0 167 0 1 1 1 0
980314 1 64 63.700000000000003 0 167 0 1 1 1 0
980315 1 51.200000000000003 50.899999999999999 0 167 0 1 1 1 0
980317 0 32 31.899999999999999 0 168 0 1 1 1 0
980319 1 60.799999999999997 59.799999999999997 0 167 0 1 1 1 0
980322 0 35.200000000000003 36.600000000000001 0 67 1 1 1 1 0
980322 0 35.200000000000003 36.600000000000001 67 81 1 2 2 1 1
980322 0 35.200000000000003 36.600000000000001 81 168 0 1 3 2 1
980323 1 54.399999999999999 52.799999999999997 0 64 1 1 1 1 0
980323 1 54.399999999999999 52.799999999999997 64 78 1 2 2 1 1
980323 1 54.399999999999999 52.799999999999997 78 120 1 1 3 2 1
980323 1 54.399999999999999 52.799999999999997 120 124 1 2 4 2 2
980323 1 54.399999999999999 52.799999999999997 124 159 0 1 5 3 2
980324 0 115.2 114.59999999999999 0 166 0 1 1 1 0
980366 1 44.799999999999997 45.399999999999999 0 92 1 1 1 1 0
980366 1 44.799999999999997 45.399999999999999 92 109 1 2 2 1 1
980366 1 44.799999999999997 45.399999999999999 109 170 0 1 3 2 1
980563 0 57.600000000000001 58.899999999999999 0 11 1 1 1 1 0
980563 0 57.600000000000001 58.899999999999999 11 19 1 2 2 1 1
980563 0 57.600000000000001 58.899999999999999 19 43 1 1 3 2 1
980563 0 57.600000000000001 58.899999999999999 43 56 1 2 4 2 2
980563 0 57.600000000000001 58.899999999999999 56 113 1 1 5 3 2
980563 0 57.600000000000001 58.899999999999999 113 124 1 2 6 3 3
980563 0 57.600000000000001 58.899999999999999 124 161 1 1 7 4 3
980563 0 57.600000000000001 58.899999999999999 161 170 1 2 8 4 4
980752 1 64 63.600000000000001 0 28 1 1 1 1 0
980752 1 64 63.600000000000001 28 48 1 2 2 1 1
980752 1 64 63.600000000000001 48 168 0 1 3 2 1
980774 0 41.600000000000001 40.399999999999999 0 9 1 1 1 1 0
980774 0 41.600000000000001 40.399999999999999 9 29 1 2 2 1 1
980774 0 41.600000000000001 40.399999999999999 29 63 1 1 3 2 1
980774 0 41.600000000000001 40.399999999999999 63 77 1 2 4 2 2
980774 0 41.600000000000001 40.399999999999999 77 91 1 1 5 3 2
980774 0 41.600000000000001 40.399999999999999 91 99 1 2 6 3 3
980774 0 41.600000000000001 40.399999999999999 99 158 1 1 7 4 3
980774 0 41.600000000000001 40.399999999999999 158 171 1 2 8 4 4
981301 1 60.799999999999997 61.700000000000003 0 170 0 1 1 1 0
981303 0 48 47.100000000000001 0 169 0 1 1 1 0
981304 1 44.799999999999997 45.399999999999999 0 169 0 1 1 1 0
981307 1 92.799999999999997 92.299999999999997 0 107 1 1 1 1 0
981307 1 92.799999999999997 92.299999999999997 107 118 1 2 2 1 1
981307 1 92.799999999999997 92.299999999999997 118 170 0 1 3 2 1
981308 0 102.40000000000001 102.7 0 168 0 1 1 1 0
981311 0 89.599999999999994 90.400000000000006 0 170 0 1 1 1 0
981312 1 92.799999999999997 91.400000000000006 0 168 0 1 1 1 0
981313 0 35.200000000000003 35.899999999999999 0 170 0 1 1 1 0
981314 1 41.600000000000001 41.200000000000003 0 171 0 1 1 1 0
981315 0 44.799999999999997 45.399999999999999 0 169 0 1 1 1 0
981316 0 28.800000000000001 28 0 8 1 1 1 1 0
981316 0 28.800000000000001 28 8 21 1 2 2 1 1
981316 0 28.800000000000001 28 21 168 0 1 3 2 1
981317 1 25.600000000000001 27 0 168 0 1 1 1 0
982303 1 60.799999999999997 60.299999999999997 0 167 1 1 1 1 0
982303 1 60.799999999999997 60.299999999999997 167 175 1 2 2 1 1
982304 0 102.40000000000001 101.59999999999999 0 177 0 1 1 1 0
982305 1 83.200000000000003 82.099999999999994 0 24 1 1 1 1 0
982305 1 83.200000000000003 82.099999999999994 24 43 1 2 2 1 1
982305 1 83.200000000000003 82.099999999999994 43 168 0 1 3 2 1
982306 0 105.59999999999999 106.2 0 169 0 1 1 1 0
982307 1 99.200000000000003 98.599999999999994 0 169 0 1 1 1 0
982308 1 105.59999999999999 104.59999999999999 0 174 0 1 1 1 0
982309 0 92.799999999999997 92.299999999999997 0 153 1 1 1 1 0
982309 0 92.799999999999997 92.299999999999997 153 157 1 2 2 1 1
982309 0 92.799999999999997 92.299999999999997 157 169 0 1 3 2 1
982310 0 22.399999999999999 21.300000000000001 0 170 0 1 1 1 0
982314 0 22.399999999999999 23.300000000000001 0 44 1 1 1 1 0
982314 0 22.399999999999999 23.300000000000001 44 58 1 2 2 1 1
982314 0 22.399999999999999 23.300000000000001 58 114 1 1 3 2 1
982314 0 22.399999999999999 23.300000000000001 114 122 1 2 4 2 2
982314 0 22.399999999999999 23.300000000000001 122 131 1 1 5 3 2
982314 0 22.399999999999999 23.300000000000001 131 164 1 2 6 3 3
983301 0 41.600000000000001 42.899999999999999 0 109 0 1 1 1 0
983303 0 89.599999999999994 88.400000000000006 0 156 1 1 1 1 0
983303 0 89.599999999999994 88.400000000000006 156 166 1 2 2 1 1
983303 0 89.599999999999994 88.400000000000006 166 169 0 1 3 2 1
983304 1 48 47.200000000000003 0 169 0 1 1 1 0
983307 1 96 96.200000000000003 0 169 0 1 1 1 0
983308 0 32 31.800000000000001 0 156 1 1 1 1 0
983308 0 32 31.800000000000001 156 169 1 2 2 1 1
983309 1 48 46.600000000000001 0 168 0 1 1 1 0
983310 0 92.799999999999997 92.599999999999994 0 115 1 1 1 1 0
983310 0 92.799999999999997 92.599999999999994 115 123 1 2 2 1 1
983310 0 92.799999999999997 92.599999999999994 123 169 0 1 3 2 1
983312 1 86.400000000000006 87.599999999999994 0 169 0 1 1 1 0
983316 1 102.40000000000001 102.59999999999999 0 169 0 1 1 1 0
983317 1 96 96.799999999999997 0 169 0 1 1 1 0
983318 1 118.40000000000001 118.5 0 166 0 1 1 1 0
983319 0 89.599999999999994 88.400000000000006 0 169 0 1 1 1 0
983320 0 99.200000000000003 98.200000000000003 0 18 1 1 1 1 0
983320 0 99.200000000000003 98.200000000000003 18 33 1 2 2 1 1
983320 0 99.200000000000003 98.200000000000003 33 108 1 1 3 2 1
983320 0 99.200000000000003 98.200000000000003 108 122 1 2 4 2 2
983320 0 99.200000000000003 98.200000000000003 122 169 0 1 5 3 2
983322 0 32 32.700000000000003 0 169 0 1 1 1 0
983323 1 38.399999999999999 38.200000000000003 0 148 1 1 1 1 0
983323 1 38.399999999999999 38.200000000000003 148 162 1 2 2 1 1
983323 1 38.399999999999999 38.200000000000003 162 168 0 1 3 2 1
983324 0 80 80.599999999999994 0 168 0 1 1 1 0
984301 1 64 64 0 172 0 1 1 1 0
984302 0 83.200000000000003 81.700000000000003 0 172 0 1 1 1 0
984306 0 67.200000000000003 66.700000000000003 0 169 0 1 1 1 0
984307 1 76.799999999999997 77.099999999999994 0 168 0 1 1 1 0
984308 0 92.799999999999997 92.200000000000003 0 169 0 1 1 1 0
984311 0 89.599999999999994 88.900000000000006 0 169 0 1 1 1 0
984313 1 48 49.5 0 47 1 1 1 1 0
984313 1 48 49.5 47 59 1 2 2 1 1
984313 1 48 49.5 59 138 1 1 3 2 1
984313 1 48 49.5 138 145 1 2 4 2 2
984313 1 48 49.5 145 170 0 1 5 3 2
984314 1 41.600000000000001 41.899999999999999 0 87 1 1 1 1 0
984314 1 41.600000000000001 41.899999999999999 87 99 1 2 2 1 1
984314 1 41.600000000000001 41.899999999999999 99 142 1 1 3 2 1
984314 1 41.600000000000001 41.899999999999999 142 156 1 2 4 2 2
984314 1 41.600000000000001 41.899999999999999 156 169 0 1 5 3 2
984315 0 67.200000000000003 66.400000000000006 0 169 0 1 1 1 0
984316 1 67.200000000000003 66.299999999999997 0 70 1 1 1 1 0
984316 1 67.200000000000003 66.299999999999997 70 90 1 2 2 1 1
984316 1 67.200000000000003 66.299999999999997 90 157 1 1 3 2 1
984316 1 67.200000000000003 66.299999999999997 157 169 1 2 4 2 2
984318 0 102.40000000000001 101.2 0 169 0 1 1 1 0
984319 1 60.799999999999997 59.299999999999997 0 169 0 1 1 1 0
985302 0 64 63.5 0 169 0 1 1 1 0
985303 0 83.200000000000003 84.299999999999997 0 169 0 1 1 1 0
985304 1 83.200000000000003 83.099999999999994 0 169 0 1 1 1 0
985305 0 32 30.699999999999999 0 14 1 1 1 1 0
985305 0 32 30.699999999999999 14 24 1 2 2 1 1
985306 1 54.399999999999999 53.700000000000003 0 170 0 1 1 1 0
985308 1 38.399999999999999 38.200000000000003 0 3 1 2 1 0 1
985308 1 38.399999999999999 38.200000000000003 3 171 0 1 2 1 1
985309 0 32 33 0 168 0 1 1 1 0
985310 1 70.400000000000006 69.400000000000006 0 170 0 1 1 1 0
985313 1 38.399999999999999 37.799999999999997 0 94 1 1 1 1 0
985313 1 38.399999999999999 37.799999999999997 94 107 1 2 2 1 1
985313 1 38.399999999999999 37.799999999999997 107 165 0 1 3 2 1
985316 0 32 31 0 31 1 2 1 0 1
985316 0 32 31 31 74 1 1 2 1 1
985316 0 32 31 74 102 1 2 3 1 2
985316 0 32 31 102 129 1 1 4 2 2
985316 0 32 31 129 135 1 2 5 2 3
985316 0 32 31 135 171 0 1 6 3 3
985317 1 38.399999999999999 39.700000000000003 0 168 0 1 1 1 0
985318 0 44.799999999999997 46 0 169 0 1 1 1 0
985321 1 22.399999999999999 21.899999999999999 0 40 1 1 1 1 0
985321 1 22.399999999999999 21.899999999999999 40 69 1 2 2 1 1
985321 1 22.399999999999999 21.899999999999999 69 167 0 1 3 2 1
985322 0 35.200000000000003 34 0 169 0 1 1 1 0
985323 0 44.799999999999997 43.700000000000003 0 166 0 1 1 1 0
985324 1 48 46.5 0 171 0 1 1 1 0
986301 1 67.200000000000003 67 0 169 0 1 1 1 0
986302 0 54.399999999999999 55.899999999999999 0 169 0 1 1 1 0
986304 0 25.600000000000001 24.699999999999999 0 169 0 1 1 1 0
986305 1 51.200000000000003 52.299999999999997 0 170 0 1 1 1 0
986306 0 44.799999999999997 46.200000000000003 0 114 1 1 1 1 0
986306 0 44.799999999999997 46.200000000000003 114 138 1 2 2 1 1
986306 0 44.799999999999997 46.200000000000003 138 170 0 1 3 2 1
986307 0 44.799999999999997 44.799999999999997 0 75 1 1 1 1 0
986307 0 44.799999999999997 44.799999999999997 75 89 1 2 2 1 1
986307 0 44.799999999999997 44.799999999999997 89 170 0 1 3 2 1
986309 1 83.200000000000003 84.5 0 170 0 1 1 1 0
986310 1 44.799999999999997 45.700000000000003 0 5 1 2 1 0 1
986310 1 44.799999999999997 45.700000000000003 5 89 1 1 2 1 1
986310 1 44.799999999999997 45.700000000000003 89 103 1 2 3 1 2
986310 1 44.799999999999997 45.700000000000003 103 170 0 1 4 2 2
986312 0 51.200000000000003 52.299999999999997 0 169 0 1 1 1 0
986313 1 28.800000000000001 28.5 0 9 1 1 1 1 0
986313 1 28.800000000000001 28.5 9 29 1 2 2 1 1
986313 1 28.800000000000001 28.5 29 71 1 1 3 2 1
986313 1 28.800000000000001 28.5 71 85 1 2 4 2 2
986313 1 28.800000000000001 28.5 85 145 1 1 5 3 2
986313 1 28.800000000000001 28.5 145 160 1 2 6 3 3
986313 1 28.800000000000001 28.5 160 169 0 1 7 4 3
986315 1 64 64.5 0 11 1 1 1 1 0
986315 1 64 64.5 11 29 1 2 2 1 1
986315 1 64 64.5 29 179 0 1 3 2 1
986318 1 60.799999999999997 60.799999999999997 0 169 0 1 1 1 0
986319 0 64 65 0 25 1 1 1 1 0
986319 0 64 65 25 35 1 2 2 1 1
986319 0 64 65 35 169 0 1 3 2 1
986320 1 35.200000000000003 34 0 84 1 1 1 1 0
986320 1 35.200000000000003 34 84 99 1 2 2 1 1
986320 1 35.200000000000003 34 99 123 1 1 3 2 1
986320 1 35.200000000000003 34 123 141 1 2 4 2 2
986320 1 35.200000000000003 34 141 154 1 1 5 3 2
986320 1 35.200000000000003 34 154 168 1 2 6 3 3
986322 0 64 62.5 0 172 0 1 1 1 0
986323 0 41.600000000000001 40.5 0 43 1 1 1 1 0
986323 0 41.600000000000001 40.5 43 58 1 2 2 1 1
986323 0 41.600000000000001 40.5 58 163 1 1 3 2 1
986323 0 41.600000000000001 40.5 163 169 1 2 4 2 2
987301 0 80 80.599999999999994 0 169 0 1 1 1 0
987303 1 41.600000000000001 41.600000000000001 0 169 0 1 1 1 0
987305 0 73.599999999999994 73.099999999999994 0 169 0 1 1 1 0
987306 1 28.800000000000001 29.699999999999999 0 168 0 1 1 1 0
987309 0 19.199999999999999 19.899999999999999 0 5 1 1 1 1 0
987309 0 19.199999999999999 19.899999999999999 5 23 1 2 2 1 1
987309 0 19.199999999999999 19.899999999999999 23 170 0 1 3 2 1
987311 0 32 31.300000000000001 0 27 1 1 1 1 0
987311 0 32 31.300000000000001 27 41 1 2 2 1 1
987311 0 32 31.300000000000001 41 165 0 1 3 2 1
987312 1 41.600000000000001 42.200000000000003 0 169 0 1 1 1 0
987313 0 32 31.100000000000001 0 98 1 1 1 1 0
987313 0 32 31.100000000000001 98 105 1 2 2 1 1
987313 0 32 31.100000000000001 105 169 0 1 3 2 1
987318 1 86.400000000000006 87.700000000000003 0 169 0 1 1 1 0
987320 0 60.799999999999997 60.600000000000001 0 170 0 1 1 1 0
987322 1 89.599999999999994 90.700000000000003 0 100 1 1 1 1 0
987322 1 89.599999999999994 90.700000000000003 100 110 1 2 2 1 1
987322 1 89.599999999999994 90.700000000000003 110 143 1 1 3 2 1
987322 1 89.599999999999994 90.700000000000003 143 153 1 2 4 2 2
987322 1 89.599999999999994 90.700000000000003 153 169 0 1 5 3 2
989302 0 35.200000000000003 35.399999999999999 0 107 1 1 1 1 0
989302 0 35.200000000000003 35.399999999999999 107 115 1 2 2 1 1
989302 0 35.200000000000003 35.399999999999999 115 168 0 1 3 2 1
989304 1 51.200000000000003 50.299999999999997 0 169 0 1 1 1 0
989305 1 28.800000000000001 29.600000000000001 0 89 1 1 1 1 0
989305 1 28.800000000000001 29.600000000000001 89 102 1 2 2 1 1
989305 1 28.800000000000001 29.600000000000001 102 134 1 1 3 2 1
989305 1 28.800000000000001 29.600000000000001 134 155 1 2 4 2 2
989305 1 28.800000000000001 29.600000000000001 155 168 0 1 5 3 2
989306 1 35.200000000000003 34.899999999999999 0 166 0 1 1 1 0
989307 0 105.59999999999999 104.59999999999999 0 170 0 1 1 1 0
989308 0 105.59999999999999 104.59999999999999 0 170 0 1 1 1 0
989310 0 70.400000000000006 70.799999999999997 0 47 1 1 1 1 0
989310 0 70.400000000000006 70.799999999999997 47 61 1 2 2 1 1
989310 0 70.400000000000006 70.799999999999997 61 128 1 1 3 2 1
989310 0 70.400000000000006 70.799999999999997 128 143 1 2 4 2 2
989310 0 70.400000000000006 70.799999999999997 143 171 0 1 5 3 2
989313 1 92.799999999999997 94.400000000000006 0 168 0 1 1 1 0
989315 0 41.600000000000001 41.899999999999999 0 170 0 1 1 1 0
989316 1 35.200000000000003 34.700000000000003 0 57 1 1 1 1 0
989316 1 35.200000000000003 34.700000000000003 57 76 1 2 2 1 1
989316 1 35.200000000000003 34.700000000000003 76 167 0 1 3 2 1
989317 1 51.200000000000003 50 0 43 1 1 1 1 0
989317 1 51.200000000000003 50 43 53 1 2 2 1 1
989317 1 51.200000000000003 50 53 168 0 1 3 2 1
989318 0 28.800000000000001 29 0 18 1 1 1 1 0
989318 0 28.800000000000001 29 18 45 1 2 2 1 1
989318 0 28.800000000000001 29 45 53 1 1 3 2 1
989318 0 28.800000000000001 29 53 65 1 2 4 2 2
989318 0 28.800000000000001 29 65 77 1 1 5 3 2
989318 0 28.800000000000001 29 77 88 1 2 6 3 3
989318 0 28.800000000000001 29 88 148 1 1 7 4 3
989318 0 28.800000000000001 29 148 166 1 2 8 4 4
989318 0 28.800000000000001 29 166 170 0 1 9 5 4
990302 1 32 31.800000000000001 0 111 1 1 1 1 0
990302 1 32 31.800000000000001 111 125 1 2 2 1 1
990302 1 32 31.800000000000001 125 167 0 1 3 2 1
990303 1 22.399999999999999 23.699999999999999 0 40 0 1 1 1 0
990305 0 32 33.100000000000001 0 157 1 1 1 1 0
990305 0 32 33.100000000000001 157 169 1 2 2 1 1
990306 1 28.800000000000001 28.399999999999999 0 71 1 1 1 1 0
990306 1 28.800000000000001 28.399999999999999 71 84 1 2 2 1 1
990306 1 28.800000000000001 28.399999999999999 84 168 0 1 3 2 1
990307 0 41.600000000000001 42.700000000000003 0 70 1 1 1 1 0
990307 0 41.600000000000001 42.700000000000003 70 84 1 2 2 1 1
990307 0 41.600000000000001 42.700000000000003 84 168 1 1 3 2 1
990308 0 22.399999999999999 21.199999999999999 0 42 1 1 1 1 0
990308 0 22.399999999999999 21.199999999999999 42 100 1 2 2 1 1
990308 0 22.399999999999999 21.199999999999999 100 107 1 1 3 2 1
990308 0 22.399999999999999 21.199999999999999 107 127 1 2 4 2 2
990308 0 22.399999999999999 21.199999999999999 127 147 1 1 5 3 2
990308 0 22.399999999999999 21.199999999999999 147 168 1 2 6 3 3
990309 1 44.799999999999997 46.299999999999997 0 170 0 1 1 1 0
990310 0 35.200000000000003 36.799999999999997 0 170 0 1 1 1 0
990314 1 28.800000000000001 29.699999999999999 0 93 1 1 1 1 0
990314 1 28.800000000000001 29.699999999999999 93 103 1 2 2 1 1
990314 1 28.800000000000001 29.699999999999999 103 170 0 1 3 2 1
991302 1 22.399999999999999 23.699999999999999 0 189 0 1 1 1 0
991303 1 44.799999999999997 45.700000000000003 0 166 0 1 1 1 0
991304 0 28.800000000000001 28.800000000000001 0 119 1 1 1 1 0
991304 0 28.800000000000001 28.800000000000001 119 132 1 2 2 1 1
991304 0 28.800000000000001 28.800000000000001 132 171 0 1 3 2 1
991305 0 41.600000000000001 41.399999999999999 0 168 0 1 1 1 0
991308 0 41.600000000000001 41.200000000000003 0 126 1 1 1 1 0
991308 0 41.600000000000001 41.200000000000003 126 139 1 2 2 1 1
991308 0 41.600000000000001 41.200000000000003 139 167 0 1 3 2 1
991309 1 25.600000000000001 24.5 0 165 0 1 1 1 0
991311 1 48 47.600000000000001 0 119 1 1 1 1 0
991311 1 48 47.600000000000001 119 166 1 2 2 1 1
991312 0 41.600000000000001 43 0 164 0 1 1 1 0
992301 0 48 48.899999999999999 0 133 1 1 1 1 0
992301 0 48 48.899999999999999 133 153 1 2 2 1 1
992301 0 48 48.899999999999999 153 168 0 1 3 2 1
992302 1 32 32 0 167 0 1 1 1 0
992303 1 57.600000000000001 57.200000000000003 0 173 0 1 1 1 0
992305 0 54.399999999999999 55.799999999999997 0 167 0 1 1 1 0
992307 0 28.800000000000001 28.5 0 96 1 1 1 1 0
992307 0 28.800000000000001 28.5 96 103 1 2 2 1 1
992307 0 28.800000000000001 28.5 103 169 0 1 3 2 1
992310 0 89.599999999999994 88.599999999999994 0 169 0 1 1 1 0
992311 1 54.399999999999999 55.799999999999997 0 170 0 1 1 1 0
992312 1 51.200000000000003 51.200000000000003 0 23 1 1 1 1 0
992312 1 51.200000000000003 51.200000000000003 23 29 1 2 2 1 1
992312 1 51.200000000000003 51.200000000000003 29 173 0 1 3 2 1
992313 0 48 48.399999999999999 0 168 0 1 1 1 0
992314 1 64 63.399999999999999 0 169 0 1 1 1 0
992315 0 83.200000000000003 82.900000000000006 0 170 0 1 1 1 0
992316 1 51.200000000000003 51.5 0 28 1 1 1 1 0
992316 1 51.200000000000003 51.5 28 69 1 2 2 1 1
992316 1 51.200000000000003 51.5 69 139 1 1 3 2 1
992316 1 51.200000000000003 51.5 139 160 1 2 4 2 2
992316 1 51.200000000000003 51.5 160 167 0 1 5 3 2
992319 0 76.799999999999997 76.5 0 166 0 1 1 1 0
992321 1 80 81.099999999999994 0 166 0 1 1 1 0
992322 1 28.800000000000001 29.199999999999999 0 169 0 1 1 1 0
992323 0 112 111.3 0 166 0 1 1 1 0
993301 1 99.200000000000003 100.5 0 166 0 1 1 1 0
993304 1 83.200000000000003 82 0 171 0 1 1 1 0
993305 0 102.40000000000001 103.59999999999999 0 169 0 1 1 1 0
993306 0 102.40000000000001 103.5 0 165 0 1 1 1 0
993307 1 99.200000000000003 99.299999999999997 0 175 0 1 1 1 0
993308 0 73.599999999999994 73.400000000000006 0 118 1 1 1 1 0
993308 0 73.599999999999994 73.400000000000006 118 130 1 2 2 1 1
993308 0 73.599999999999994 73.400000000000006 130 170 0 1 3 2 1
993309 0 115.2 115.59999999999999 0 167 0 1 1 1 0
993311 1 48 48.600000000000001 0 165 0 1 1 1 0
993312 0 48 46.700000000000003 0 19 1 1 1 1 0
993312 0 48 46.700000000000003 19 32 1 2 2 1 1
993312 0 48 46.700000000000003 32 164 0 1 3 2 1
993314 1 80 79.900000000000006 0 166 0 1 1 1 0
993315 1 102.40000000000001 102.3 0 168 0 1 1 1 0
993316 0 112 111.5 0 169 0 1 1 1 0
993318 0 80 80.900000000000006 0 172 0 1 1 1 0
993320 0 44.799999999999997 46.399999999999999 0 55 1 1 1 1 0
993320 0 44.799999999999997 46.399999999999999 55 70 1 2 2 1 1
993320 0 44.799999999999997 46.399999999999999 70 170 0 1 3 2 1
993321 1 115.2 114 0 168 0 1 1 1 0
993323 1 108.8 109.90000000000001 0 169 0 1 1 1 0
996301 1 28.800000000000001 29.5 0 120 1 1 1 1 0
996301 1 28.800000000000001 29.5 120 130 1 2 2 1 1
996301 1 28.800000000000001 29.5 130 169 0 1 3 2 1
996302 0 28.800000000000001 29.399999999999999 0 103 1 1 1 1 0
996302 0 28.800000000000001 29.399999999999999 103 116 1 2 2 1 1
996302 0 28.800000000000001 29.399999999999999 116 169 0 1 3 2 1
996305 0 57.600000000000001 56.200000000000003 0 72 1 1 1 1 0
996305 0 57.600000000000001 56.200000000000003 72 82 1 2 2 1 1
996305 0 57.600000000000001 56.200000000000003 82 99 1 1 3 2 1
996305 0 57.600000000000001 56.200000000000003 99 108 1 2 4 2 2
996305 0 57.600000000000001 56.200000000000003 108 145 1 1 5 3 2
996305 0 57.600000000000001 56.200000000000003 145 159 1 2 6 3 3
996305 0 57.600000000000001 56.200000000000003 159 168 0 1 7 4 3
996306 1 64 63.100000000000001 0 169 0 1 1 1 0
996308 0 60.799999999999997 60.200000000000003 0 52 1 1 1 1 0
996308 0 60.799999999999997 60.200000000000003 52 67 1 2 2 1 1
996308 0 60.799999999999997 60.200000000000003 67 134 1 1 3 2 1
996308 0 60.799999999999997 60.200000000000003 134 144 1 2 4 2 2
996308 0 60.799999999999997 60.200000000000003 144 169 1 1 5 3 2
996310 0 76.799999999999997 76 0 101 1 1 1 1 0
996310 0 76.799999999999997 76 101 116 1 2 2 1 1
996310 0 76.799999999999997 76 116 167 0 1 3 2 1
996311 1 60.799999999999997 60 0 168 0 1 1 1 0
996312 1 41.600000000000001 40.299999999999997 0 133 1 1 1 1 0
996312 1 41.600000000000001 40.299999999999997 133 145 1 2 2 1 1
996312 1 41.600000000000001 40.299999999999997 145 169 0 1 3 2 1
997301 1 22.399999999999999 23.100000000000001 0 56 1 1 1 1 0
997301 1 22.399999999999999 23.100000000000001 56 71 1 2 2 1 1
997301 1 22.399999999999999 23.100000000000001 71 126 1 1 3 2 1
997301 1 22.399999999999999 23.100000000000001 126 143 1 2 4 2 2
997301 1 22.399999999999999 23.100000000000001 143 167 0 1 5 3 2
997304 0 32 30.699999999999999 0 165 0 1 1 1 0
997307 0 86.400000000000006 85.099999999999994 0 113 1 1 1 1 0
997307 0 86.400000000000006 85.099999999999994 113 123 1 2 2 1 1
997307 0 86.400000000000006 85.099999999999994 123 169 0 1 3 2 1
997308 1 51.200000000000003 51.899999999999999 0 58 1 1 1 1 0
997308 1 51.200000000000003 51.899999999999999 58 86 1 2 2 1 1
997308 1 51.200000000000003 51.899999999999999 86 105 1 1 3 2 1
997308 1 51.200000000000003 51.899999999999999 105 168 1 2 4 2 2
997310 1 96 96 0 169 0 1 1 1 0
997311 0 51.200000000000003 51.799999999999997 0 168 0 1 1 1 0
997314 0 35.200000000000003 36 0 168 0 1 1 1 0
997315 1 48 48.899999999999999 0 169 0 1 1 1 0
997316 1 38.399999999999999 38.799999999999997 0 169 0 1 1 1 0
997317 0 54.399999999999999 53.5 0 169 0 1 1 1 0
997320 0 64 63.200000000000003 0 165 0 1 1 1 0
997321 0 89.599999999999994 89.400000000000006 0 168 0 1 1 1 0
997322 1 38.399999999999999 39.899999999999999 0 138 1 1 1 1 0
997322 1 38.399999999999999 39.899999999999999 138 153 1 2 2 1 1
997322 1 38.399999999999999 39.899999999999999 153 169 0 1 3 2 1
997323 1 32 30.800000000000001 0 168 0 1 1 1 0
997325 0 67.200000000000003 66.599999999999994 0 168 0 1 1 1 0
998302 0 96 97 0 169 0 1 1 1 0
998304 1 38.399999999999999 36.899999999999999 0 169 0 1 1 1 0
998305 1 25.600000000000001 24.699999999999999 0 69 1 1 1 1 0
998305 1 25.600000000000001 24.699999999999999 69 84 1 2 2 1 1
998305 1 25.600000000000001 24.699999999999999 84 134 1 1 3 2 1
998305 1 25.600000000000001 24.699999999999999 134 154 1 2 4 2 2
998305 1 25.600000000000001 24.699999999999999 154 169 0 1 5 3 2
998306 0 41.600000000000001 42 0 169 0 1 1 1 0
998309 0 32 30.899999999999999 0 30 1 1 1 1 0
998309 0 32 30.899999999999999 30 44 1 2 2 1 1
998309 0 32 30.899999999999999 44 90 1 1 3 2 1
998309 0 32 30.899999999999999 90 106 1 2 4 2 2
998309 0 32 30.899999999999999 106 169 0 1 5 3 2
998310 0 108.8 107.2 0 169 0 1 1 1 0
998311 1 35.200000000000003 36.200000000000003 0 169 0 1 1 1 0
998312 1 32 31.899999999999999 0 169 0 1 1 1 0
998313 1 38.399999999999999 39.100000000000001 0 170 0 1 1 1 0
998315 0 54.399999999999999 53.899999999999999 0 170 0 1 1 1 0
998316 0 32 31.699999999999999 0 125 1 1 1 1 0
998316 0 32 31.699999999999999 125 134 1 2 2 1 1
998316 0 32 31.699999999999999 134 169 0 1 3 2 1
998317 1 38.399999999999999 39.600000000000001 0 169 0 1 1 1 0
998318 0 25.600000000000001 24.699999999999999 0 169 0 1 1 1 0
998319 0 48 49.299999999999997 0 169 0 1 1 1 0
998322 1 83.200000000000003 84.700000000000003 0 169 0 1 1 1 0
998324 1 22.399999999999999 22.5 0 169 0 1 1 1 0
998325 0 22.399999999999999 21 0 169 0 1 1 1 0
998327 0 60.799999999999997 59.700000000000003 0 168 0 1 1 1 0
998328 1 48 47 0 36 1 1 1 1 0
998328 1 48 47 36 39 1 2 2 1 1
998328 1 48 47 39 168 0 1 3 2 1
998329 1 41.600000000000001 40.100000000000001 0 120 1 1 1 1 0
998329 1 41.600000000000001 40.100000000000001 120 134 1 2 2 1 1
998329 1 41.600000000000001 40.100000000000001 134 169 0 1 3 2 1
1001301 0 28.800000000000001 28 0 173 0 1 1 1 0
1001302 1 22.399999999999999 20.899999999999999 0 63 1 1 1 1 0
1001302 1 22.399999999999999 20.899999999999999 63 77 1 2 2 1 1
1001302 1 22.399999999999999 20.899999999999999 77 108 1 1 3 2 1
1001302 1 22.399999999999999 20.899999999999999 108 120 1 2 4 2 2
1001302 1 22.399999999999999 20.899999999999999 120 157 0 1 5 3 2
1001304 0 76.799999999999997 75.299999999999997 0 170 0 1 1 1 0
1001306 1 67.200000000000003 68.400000000000006 0 170 0 1 1 1 0
1001307 0 35.200000000000003 36.5 0 74 1 1 1 1 0
1001307 0 35.200000000000003 36.5 74 87 1 2 2 1 1
1001307 0 35.200000000000003 36.5 87 170 0 1 3 2 1
1001308 1 44.799999999999997 44.100000000000001 0 169 0 1 1 1 0
1001310 0 48 49.5 0 170 0 1 1 1 0
1001311 1 54.399999999999999 53 0 168 0 1 1 1 0
1001312 1 70.400000000000006 69.299999999999997 0 168 0 1 1 1 0
1001314 0 60.799999999999997 61.200000000000003 0 167 0 1 1 1 0
1001316 1 73.599999999999994 73.099999999999994 0 168 0 1 1 1 0
1001318 0 92.799999999999997 94.200000000000003 0 146 1 1 1 1 0
1001318 0 92.799999999999997 94.200000000000003 146 159 1 2 2 1 1
1001318 0 92.799999999999997 94.200000000000003 159 169 0 1 3 2 1
1001319 1 41.600000000000001 42.600000000000001 0 104 1 1 1 1 0
1001319 1 41.600000000000001 42.600000000000001 104 113 1 2 2 1 1
1001319 1 41.600000000000001 42.600000000000001 113 169 0 1 3 2 1
1001320 1 25.600000000000001 24.300000000000001 0 8 1 1 1 1 0
1001320 1 25.600000000000001 24.300000000000001 8 13 1 2 2 1 1
1001321 0 70.400000000000006 71.5 0 30 1 1 1 1 0
1001321 0 70.400000000000006 71.5 30 46 1 2 2 1 1
1001321 0 70.400000000000006 71.5 46 168 0 1 3 2 1
1001324 0 51.200000000000003 50.399999999999999 0 52 1 1 1 1 0
1001324 0 51.200000000000003 50.399999999999999 52 67 1 2 2 1 1
1001324 0 51.200000000000003 50.399999999999999 67 170 0 1 3 2 1
1004301 1 92.799999999999997 92 0 169 0 1 1 1 0
1004302 0 48 47.299999999999997 0 168 0 1 1 1 0
1004303 0 44.799999999999997 46.299999999999997 0 95 1 1 1 1 0
1004303 0 44.799999999999997 46.299999999999997 95 105 1 2 2 1 1
1004303 0 44.799999999999997 46.299999999999997 105 169 0 1 3 2 1
1004304 1 80 78.799999999999997 0 97 1 1 1 1 0
1004304 1 80 78.799999999999997 97 107 1 2 2 1 1
1004304 1 80 78.799999999999997 107 168 0 1 3 2 1
1004305 1 67.200000000000003 66.099999999999994 0 48 1 1 1 1 0
1004305 1 67.200000000000003 66.099999999999994 48 57 1 2 2 1 1
1004309 0 67.200000000000003 68.599999999999994 0 169 0 1 1 1 0
1004312 0 41.600000000000001 43.100000000000001 0 19 1 1 1 1 0
1004312 0 41.600000000000001 43.100000000000001 19 28 1 2 2 1 1
1004312 0 41.600000000000001 43.100000000000001 28 167 0 1 3 2 1
1004314 1 48 48.799999999999997 0 169 0 1 1 1 0
1004315 0 92.799999999999997 93.900000000000006 0 169 0 1 1 1 0
1004316 1 25.600000000000001 24.5 0 169 0 1 1 1 0
1004317 0 54.399999999999999 53.899999999999999 0 43 1 1 1 1 0
1004317 0 54.399999999999999 53.899999999999999 43 51 1 2 2 1 1
1004317 0 54.399999999999999 53.899999999999999 51 159 1 1 3 2 1
1004317 0 54.399999999999999 53.899999999999999 159 169 1 2 4 2 2
1004318 1 83.200000000000003 82.700000000000003 0 168 0 1 1 1 0
1005301 1 83.200000000000003 83.299999999999997 0 169 0 1 1 1 0
1005303 1 32 33.299999999999997 0 169 0 1 1 1 0
1005305 0 60.799999999999997 60 0 118 1 1 1 1 0
1005305 0 60.799999999999997 60 118 135 1 2 2 1 1
1005305 0 60.799999999999997 60 135 169 0 1 3 2 1
1005306 0 89.599999999999994 91.099999999999994 0 169 0 1 1 1 0
1005307 0 25.600000000000001 24.800000000000001 0 169 0 1 1 1 0
1005308 1 19.199999999999999 18.300000000000001 0 138 1 1 1 1 0
1005308 1 19.199999999999999 18.300000000000001 138 154 1 2 2 1 1
1005308 1 19.199999999999999 18.300000000000001 154 169 0 1 3 2 1
1005309 1 57.600000000000001 56.200000000000003 0 113 1 1 1 1 0
1005309 1 57.600000000000001 56.200000000000003 113 127 1 2 2 1 1
1005309 1 57.600000000000001 56.200000000000003 127 168 0 1 3 2 1
1005311 0 41.600000000000001 41.899999999999999 0 169 0 1 1 1 0
1005313 0 92.799999999999997 93.299999999999997 0 169 0 1 1 1 0
1005314 1 60.799999999999997 62.100000000000001 0 169 0 1 1 1 0
1005315 0 86.400000000000006 85.099999999999994 0 41 0 1 1 1 0
1005318 1 57.600000000000001 58.100000000000001 0 169 0 1 1 1 0
1005320 0 92.799999999999997 93.099999999999994 0 148 1 1 1 1 0
1005320 0 92.799999999999997 93.099999999999994 148 158 1 2 2 1 1
1005320 0 92.799999999999997 93.099999999999994 158 167 0 1 3 2 1
1005322 1 28.800000000000001 28 0 169 0 1 1 1 0
1005323 1 54.399999999999999 55.600000000000001 0 169 0 1 1 1 0
1005324 0 41.600000000000001 41.600000000000001 0 152 1 1 1 1 0
1005324 0 41.600000000000001 41.600000000000001 152 162 1 2 2 1 1
1005324 0 41.600000000000001 41.600000000000001 162 169 0 1 3 2 1
1015302 1 54.399999999999999 53.799999999999997 0 175 0 1 1 1 0
1015303 1 48 49.100000000000001 0 176 0 1 1 1 0
1015304 0 96 97.299999999999997 0 164 0 1 1 1 0
1015305 0 44.799999999999997 43.299999999999997 0 29 1 1 1 1 0
1015305 0 44.799999999999997 43.299999999999997 29 55 1 2 2 1 1
1015305 0 44.799999999999997 43.299999999999997 55 78 1 1 3 2 1
1015305 0 44.799999999999997 43.299999999999997 78 113 1 2 4 2 2
1015305 0 44.799999999999997 43.299999999999997 113 156 1 1 5 3 2
1015305 0 44.799999999999997 43.299999999999997 156 159 1 2 6 3 3
1015308 0 22.399999999999999 23.199999999999999 0 83 1 1 1 1 0
1015308 0 22.399999999999999 23.199999999999999 83 102 1 2 2 1 1
1015308 0 22.399999999999999 23.199999999999999 102 169 0 1 3 2 1
1015310 1 22.399999999999999 23.699999999999999 0 86 1 1 1 1 0
1015310 1 22.399999999999999 23.699999999999999 86 94 1 2 2 1 1
1015310 1 22.399999999999999 23.699999999999999 94 169 0 1 3 2 1
1015311 1 16 17.300000000000001 0 169 0 1 1 1 0
1015312 0 28.800000000000001 29 0 154 0 1 1 1 0
1015313 1 73.599999999999994 73.099999999999994 0 169 0 1 1 1 0
1015314 0 83.200000000000003 82.400000000000006 0 169 0 1 1 1 0
1015315 0 54.399999999999999 55.700000000000003 0 148 0 1 1 1 0
1015316 1 32 31.199999999999999 0 153 0 1 1 1 0
1023302 0 70.400000000000006 69.400000000000006 0 71 1 1 1 1 0
1023302 0 70.400000000000006 69.400000000000006 71 84 1 2 2 1 1
1023302 0 70.400000000000006 69.400000000000006 84 169 0 1 3 2 1
1023303 1 76.799999999999997 78.099999999999994 0 169 0 1 1 1 0
1023305 0 48 47.899999999999999 0 169 0 1 1 1 0
1023307 1 92.799999999999997 94.099999999999994 0 95 1 1 1 1 0
1023307 1 92.799999999999997 94.099999999999994 95 102 1 2 2 1 1
1023307 1 92.799999999999997 94.099999999999994 102 105 0 1 3 2 1
1023310 1 112 111.09999999999999 0 169 0 1 1 1 0
1023312 0 19.199999999999999 18.699999999999999 0 21 1 1 1 1 0
1023312 0 19.199999999999999 18.699999999999999 21 44 1 2 2 1 1
1023312 0 19.199999999999999 18.699999999999999 44 169 0 1 3 2 1
1023314 0 76.799999999999997 77.700000000000003 0 169 0 1 1 1 0
1023315 1 83.200000000000003 84.700000000000003 0 169 0 1 1 1 0
1024301 1 54.399999999999999 54.799999999999997 0 169 0 1 1 1 0
1024303 0 41.600000000000001 42.899999999999999 0 169 0 1 1 1 0
1024304 1 38.399999999999999 38.799999999999997 0 169 0 1 1 1 0
1024306 0 48 46.899999999999999 0 169 0 1 1 1 0
1024309 0 51.200000000000003 52.700000000000003 0 170 0 1 1 1 0
1024311 1 96 95.5 0 169 0 1 1 1 0
1024312 1 54.399999999999999 54.100000000000001 0 169 0 1 1 1 0
1024313 0 92.799999999999997 91.900000000000006 0 169 0 1 1 1 0
